SE_SKELETON 0.1;

BONES 94
{
  NAME "Bip01";
  PARENT "";
  LENGTH 0.000000;
  {
    0.000001, 1.000000, 0.000000, 0.000000,
    0.000000, -0.000000, 1.000000, 1.222561,
    1.000000, -0.000001, -0.000000, -0.347515;
  }
  NAME "Bip01 Pelvis";
  PARENT "Bip01";
  LENGTH 0.181888;
  {
    0.000000, 1.000000, -0.000001, -0.000000,
    -0.000001, 0.000001, 1.000000, -0.000000,
    1.000000, 0.000000, 0.000001, 0.000000;
  }
  NAME "Bip01 Spine";
  PARENT "Bip01 Pelvis";
  LENGTH 0.198587;
  {
    0.971606, -0.236603, -0.000002, 0.178235,
    0.236603, 0.971606, 0.000004, 0.036267,
    0.000001, -0.000004, 1.000000, 0.000000;
  }
  NAME "Bip01 Spine1";
  PARENT "Bip01 Spine";
  LENGTH 0.271584;
  {
    0.999556, -0.029807, -0.000000, 0.198587,
    0.029807, 0.999556, -0.000000, -0.000216,
    0.000000, -0.000000, 1.000000, -0.000000;
  }
  NAME "Bip01 Spine2";
  PARENT "Bip01 Spine1";
  LENGTH 0.535184;
  {
    0.999332, -0.036540, -0.000000, 0.271584,
    0.036540, 0.999332, -0.000000, -0.000338,
    0.000000, -0.000000, 1.000000, -0.000000;
  }
  NAME "Bip01 Neck";
  PARENT "Bip01 Spine2";
  LENGTH 0.225471;
  {
    0.456651, -0.889646, -0.000002, 0.520561,
    0.889646, 0.456651, -0.000002, 0.124251,
    0.000002, -0.000002, 1.000000, 0.000000;
  }
  NAME "Bip01 Head";
  PARENT "Bip01 Neck";
  LENGTH 0.307215;
  {
    0.928774, -0.370645, -0.000001, 0.225471,
    0.370645, 0.928774, -0.000000, 0.000000,
    0.000001, -0.000000, 1.000000, -0.000000;
  }
  NAME "Bip01 HeadNub";
  PARENT "Bip01 Head";
  LENGTH 0.100000;
  {
    1.000000, 0.000000, 0.000000, 0.307215,
    0.000000, 1.000000, 0.000000, 0.000000,
    0.000000, 0.000000, 1.000000, 0.000000;
  }
  NAME "Bone01";
  PARENT "Bip01 Head";
  LENGTH 0.175103;
  {
    0.782525, 0.622619, -0.000002, 0.118075,
    0.622619, -0.782525, 0.000003, 0.170356,
    0.000001, -0.000004, -1.000000, 0.000000;
  }
  NAME "Bone02";
  PARENT "Bone01";
  LENGTH 0.100000;
  {
    1.000000, -0.000000, 0.000000, 0.175103,
    -0.000000, 1.000000, 0.000000, -0.000000,
    0.000000, 0.000000, 1.000000, -0.000000;
  }
  NAME "Bone21";
  PARENT "Bip01 Head";
  LENGTH 0.103549;
  {
    -0.777381, -0.629030, -0.000001, 0.188942,
    -0.629030, 0.777381, 0.000003, -0.146810,
    -0.000001, 0.000003, -1.000000, -0.000001;
  }
  NAME "Bone22";
  PARENT "Bone21";
  LENGTH 0.100000;
  {
    1.000000, 0.000000, -0.000000, 0.103549,
    0.000000, 1.000000, 0.000000, 0.000000,
    -0.000000, -0.000000, 1.000000, 0.000000;
  }
  NAME "Bone23";
  PARENT "Bip01 Head";
  LENGTH 0.102197;
  {
    -0.924584, -0.380978, -0.000001, 0.106616,
    -0.380979, 0.924584, 0.000003, -0.168682,
    -0.000000, 0.000003, -1.000000, -0.000001;
  }
  NAME "Bone24";
  PARENT "Bone23";
  LENGTH 0.107799;
  {
    0.999738, -0.022884, 0.000000, 0.102197,
    0.022884, 0.999738, -0.000000, 0.000003,
    -0.000000, 0.000000, 1.000000, 0.000000;
  }
  NAME "Bone25";
  PARENT "Bone24";
  LENGTH 0.100000;
  {
    1.000000, -0.000000, -0.000000, 0.107799,
    0.000000, 1.000000, 0.000000, 0.000000,
    -0.000000, -0.000000, 1.000000, 0.000000;
  }
  NAME "Bip01 L Clavicle";
  PARENT "Bip01 Neck";
  LENGTH 0.238232;
  {
    -0.514106, -0.806804, 0.291140, -0.079098,
    0.139005, -0.413316, -0.899915, -0.017284,
    0.846388, -0.422182, 0.324638, 0.299585;
  }
  NAME "Bip01 L UpperArm";
  PARENT "Bip01 L Clavicle";
  LENGTH 0.599163;
  {
    0.737497, 0.477711, 0.477379, 0.238232,
    -0.043479, 0.738979, -0.672324, 0.000000,
    -0.673950, 0.475081, 0.565765, 0.000000;
  }
  NAME "Bip01 L Forearm";
  PARENT "Bip01 L UpperArm";
  LENGTH 0.526953;
  {
    0.712535, 0.701637, 0.000000, 0.599163,
    -0.701637, 0.712534, 0.000000, -0.000000,
    -0.000000, -0.000000, 1.000000, 0.000000;
  }
  NAME "Bip01 L Hand";
  PARENT "Bip01 L Forearm";
  LENGTH 0.225699;
  {
    0.932318, -0.361563, 0.007382, 0.526953,
    -0.130569, -0.317504, 0.939224, -0.000000,
    -0.337245, -0.876620, -0.343224, -0.000000;
  }
  NAME "Bip01 L Finger0";
  PARENT "Bip01 L Hand";
  LENGTH 0.121665;
  {
    0.858658, 0.499283, 0.115856, 0.140170,
    0.409458, -0.532235, -0.740992, 0.070318,
    -0.308302, 0.683698, -0.661443, -0.162320;
  }
  NAME "Bip01 L Finger01";
  PARENT "Bip01 L Finger0";
  LENGTH 0.126099;
  {
    0.963296, 0.268441, -0.000000, 0.121665,
    -0.268441, 0.963296, -0.000000, 0.000000,
    -0.000000, -0.000000, 1.000000, 0.000000;
  }
  NAME "Bip01 L Finger0Nub";
  PARENT "Bip01 L Finger01";
  LENGTH 0.100000;
  {
    1.000000, -0.000000, -0.000000, 0.126099,
    -0.000000, 1.000000, -0.000000, -0.000000,
    -0.000000, -0.000000, 1.000000, -0.000000;
  }
  NAME "Bip01 L Finger1";
  PARENT "Bip01 L Hand";
  LENGTH 0.127103;
  {
    0.865998, -0.456118, 0.204948, 0.273111,
    0.491480, 0.851930, -0.180731, -0.013612,
    -0.092166, 0.257240, 0.961942, -0.096308;
  }
  NAME "Bip01 L Finger11";
  PARENT "Bip01 L Finger1";
  LENGTH 0.141583;
  {
    0.997197, -0.074816, 0.000000, 0.127103,
    0.074816, 0.997197, -0.000000, 0.000000,
    0.000000, -0.000000, 1.000000, 0.000000;
  }
  NAME "Bip01 L Finger1Nub";
  PARENT "Bip01 L Finger11";
  LENGTH 0.100000;
  {
    1.000000, 0.000000, 0.000000, 0.141583,
    0.000000, 1.000000, -0.000000, -0.000000,
    0.000000, -0.000000, 1.000000, 0.000000;
  }
  NAME "Bip01 L Finger2";
  PARENT "Bip01 L Hand";
  LENGTH 0.118222;
  {
    0.943286, -0.287833, -0.165422, 0.251424,
    0.316710, 0.929612, 0.188457, 0.005992,
    0.099534, -0.230159, 0.968049, 0.040808;
  }
  NAME "Bip01 L Finger21";
  PARENT "Bip01 L Finger2";
  LENGTH 0.147761;
  {
    0.931276, -0.364313, 0.000000, 0.118222,
    0.364313, 0.931276, 0.000000, 0.000000,
    0.000000, -0.000000, 1.000000, -0.000000;
  }
  NAME "Bip01 L Finger2Nub";
  PARENT "Bip01 L Finger21";
  LENGTH 0.100000;
  {
    1.000000, -0.000000, 0.000000, 0.147761,
    -0.000000, 1.000000, -0.000000, -0.000000,
    0.000000, -0.000000, 1.000000, 0.000000;
  }
  NAME "Bone43";
  PARENT "Bip01 L UpperArm";
  LENGTH 0.134098;
  {
    0.127248, -0.040841, -0.991030, 0.064075,
    0.262286, 0.964971, -0.006089, 0.078965,
    0.956564, -0.259158, 0.133503, 0.172641;
  }
  NAME "Bone44";
  PARENT "Bone43";
  LENGTH 0.100000;
  {
    1.000000, 0.000000, -0.000000, 0.134098,
    0.000000, 1.000000, 0.000001, 0.000000,
    -0.000000, -0.000000, 1.000000, 0.000000;
  }
  NAME "Bip01 L ForeTwist";
  PARENT "Bip01 L UpperArm";
  LENGTH 0.254649;
  {
    0.712535, 0.696858, 0.081755, 0.599163,
    -0.701637, 0.707681, 0.083025, -0.000000,
    -0.000000, -0.116521, 0.993188, 0.000000;
  }
  NAME "Bone03";
  PARENT "Bip01 L ForeTwist";
  LENGTH 0.150152;
  {
    -0.998978, -0.012754, 0.043370, 0.140069,
    -0.040542, -0.171655, -0.984323, 0.037204,
    0.019999, -0.985074, 0.170963, 0.209386;
  }
  NAME "Bone04";
  PARENT "Bone03";
  LENGTH 0.104569;
  {
    0.970978, 0.230728, -0.062974, 0.150152,
    -0.230244, 0.973018, 0.014933, -0.000000,
    0.064720, -0.000000, 0.997903, 0.000000;
  }
  NAME "Bone05";
  PARENT "Bone04";
  LENGTH 0.100000;
  {
    1.000000, -0.000000, 0.000000, 0.104569,
    -0.000000, 1.000000, 0.000001, 0.000000,
    0.000000, -0.000001, 1.000000, 0.000000;
  }
  NAME "Bone09";
  PARENT "Bip01 L ForeTwist";
  LENGTH 0.180256;
  {
    -0.994039, 0.108181, 0.013552, 0.100314,
    0.108763, 0.975295, 0.192277, 0.190345,
    0.007584, 0.192605, -0.981247, 0.036059;
  }
  NAME "Bone10";
  PARENT "Bone09";
  LENGTH 0.180853;
  {
    0.991962, -0.126507, 0.002755, 0.180256,
    0.126507, 0.991966, 0.000351, -0.000000,
    -0.002778, 0.000000, 0.999996, 0.000000;
  }
  NAME "Bone11";
  PARENT "Bone10";
  LENGTH 0.100000;
  {
    1.000000, 0.000000, 0.000000, 0.180853,
    0.000000, 1.000000, 0.000000, -0.000000,
    -0.000000, -0.000000, 1.000000, -0.000000;
  }
  NAME "Bone15";
  PARENT "Bip01 L ForeTwist";
  LENGTH 0.177260;
  {
    -0.971282, -0.236889, -0.022239, 0.152973,
    0.093675, -0.466647, 0.879469, 0.091077,
    -0.218714, 0.852129, 0.475437, -0.122022;
  }
  NAME "Bone16";
  PARENT "Bone15";
  LENGTH 0.164761;
  {
    0.987302, -0.001531, 0.158847, 0.177260,
    0.007007, 0.999400, -0.033920, -0.000000,
    -0.158699, 0.034602, 0.986720, 0.000000;
  }
  NAME "Bone17";
  PARENT "Bone16";
  LENGTH 0.100000;
  {
    1.000000, -0.000000, -0.000000, 0.164761,
    0.000000, 1.000000, 0.000002, 0.000000,
    -0.000000, -0.000002, 1.000000, -0.000000;
  }
  NAME "Bip01 L ForeTwist1";
  PARENT "Bip01 L ForeTwist";
  LENGTH 0.100000;
  {
    1.000000, 0.000000, -0.000000, 0.263477,
    -0.000000, 0.993188, 0.116521, -0.000000,
    -0.000000, -0.116521, 0.993188, -0.000000;
  }
  NAME "Bip01 R Clavicle";
  PARENT "Bip01 Neck";
  LENGTH 0.238232;
  {
    -0.514106, -0.806804, -0.291140, -0.079098,
    0.139010, -0.413318, 0.899914, -0.017283,
    -0.846387, 0.422180, 0.324643, -0.299585;
  }
  NAME "Bip01 R UpperArm";
  PARENT "Bip01 R Clavicle";
  LENGTH 0.599163;
  {
    0.737497, 0.477711, -0.477379, 0.238232,
    -0.043479, 0.738979, 0.672324, 0.000000,
    0.673950, -0.475081, 0.565765, -0.000000;
  }
  NAME "Bip01 R Forearm";
  PARENT "Bip01 R UpperArm";
  LENGTH 0.526953;
  {
    0.712535, 0.701637, -0.000000, 0.599163,
    -0.701637, 0.712534, -0.000000, -0.000000,
    0.000000, 0.000000, 1.000000, 0.000000;
  }
  NAME "Bip01 R Hand";
  PARENT "Bip01 R Forearm";
  LENGTH 0.225699;
  {
    0.932318, -0.361563, -0.007382, 0.526953,
    -0.130569, -0.317504, -0.939224, 0.000000,
    0.337245, 0.876620, -0.343224, 0.000000;
  }
  NAME "Bip01 R Finger0";
  PARENT "Bip01 R Hand";
  LENGTH 0.121665;
  {
    0.858658, 0.499283, -0.115856, 0.140170,
    0.409458, -0.532235, 0.740992, 0.070318,
    0.308302, -0.683698, -0.661444, 0.162320;
  }
  NAME "Bip01 R Finger01";
  PARENT "Bip01 R Finger0";
  LENGTH 0.126099;
  {
    0.963296, 0.268441, 0.000000, 0.121665,
    -0.268441, 0.963296, 0.000000, 0.000000,
    0.000000, 0.000000, 1.000000, 0.000000;
  }
  NAME "Bip01 R Finger0Nub";
  PARENT "Bip01 R Finger01";
  LENGTH 0.100000;
  {
    1.000000, 0.000000, -0.000000, 0.126099,
    0.000000, 1.000000, -0.000000, -0.000000,
    0.000000, 0.000000, -1.000000, 0.000000;
  }
  NAME "Bip01 R Finger1";
  PARENT "Bip01 R Hand";
  LENGTH 0.127103;
  {
    0.865998, -0.456118, -0.204948, 0.273111,
    0.491480, 0.851930, 0.180731, -0.013612,
    0.092166, -0.257240, 0.961942, 0.096308;
  }
  NAME "Bip01 R Finger11";
  PARENT "Bip01 R Finger1";
  LENGTH 0.141583;
  {
    0.997197, -0.074816, -0.000000, 0.127103,
    0.074816, 0.997197, 0.000000, 0.000000,
    -0.000000, 0.000000, 1.000000, -0.000000;
  }
  NAME "Bip01 R Finger1Nub";
  PARENT "Bip01 R Finger11";
  LENGTH 0.100000;
  {
    1.000000, 0.000000, 0.000000, 0.141583,
    0.000000, 1.000000, -0.000000, -0.000000,
    -0.000000, 0.000000, -1.000000, -0.000000;
  }
  NAME "Bip01 R Finger2";
  PARENT "Bip01 R Hand";
  LENGTH 0.118222;
  {
    0.943286, -0.287833, 0.165422, 0.251424,
    0.316710, 0.929612, -0.188457, 0.005992,
    -0.099534, 0.230159, 0.968049, -0.040808;
  }
  NAME "Bip01 R Finger21";
  PARENT "Bip01 R Finger2";
  LENGTH 0.147761;
  {
    0.931276, -0.364313, -0.000000, 0.118222,
    0.364313, 0.931276, -0.000000, 0.000000,
    -0.000000, -0.000000, 1.000000, 0.000000;
  }
  NAME "Bip01 R Finger2Nub";
  PARENT "Bip01 R Finger21";
  LENGTH 0.100000;
  {
    1.000000, 0.000000, 0.000000, 0.147761,
    0.000000, 1.000000, 0.000000, -0.000000,
    -0.000000, -0.000000, -1.000000, -0.000000;
  }
  NAME "Bone45";
  PARENT "Bip01 R UpperArm";
  LENGTH 0.129209;
  {
    0.131594, 0.026376, -0.990953, 0.064414,
    0.227248, -0.973828, 0.004257, 0.075023,
    -0.964905, -0.225753, -0.134144, -0.171679;
  }
  NAME "Bone46";
  PARENT "Bone45";
  LENGTH 0.100000;
  {
    1.000000, -0.000000, 0.000000, 0.129209,
    -0.000000, 1.000000, 0.000001, -0.000000,
    0.000000, -0.000000, 1.000000, 0.000000;
  }
  NAME "Bip01 R ForeTwist";
  PARENT "Bip01 R UpperArm";
  LENGTH 0.240703;
  {
    0.712535, 0.696858, -0.081755, 0.599163,
    -0.701637, 0.707681, -0.083025, -0.000000,
    0.000000, 0.116521, 0.993188, 0.000000;
  }
  NAME "Bone06";
  PARENT "Bip01 R ForeTwist";
  LENGTH 0.149515;
  {
    -0.998393, 0.027636, 0.049466, 0.137714,
    -0.041107, 0.247587, -0.967993, 0.030423,
    -0.038999, -0.968472, -0.246053, -0.195057;
  }
  NAME "Bone07";
  PARENT "Bone06";
  LENGTH 0.106567;
  {
    0.974962, -0.203581, -0.089458, 0.149515,
    0.202765, 0.979058, -0.018223, -0.000000,
    0.091295, -0.000372, 0.995824, -0.000000;
  }
  NAME "Bone08";
  PARENT "Bone07";
  LENGTH 0.100000;
  {
    0.999937, 0.011180, -0.000000, 0.106567,
    -0.011180, 0.999937, -0.000712, -0.000000,
    -0.000008, 0.000712, 1.000000, 0.000000;
  }
  NAME "Bone12";
  PARENT "Bip01 R ForeTwist";
  LENGTH 0.182688;
  {
    -0.994807, -0.101693, -0.004129, 0.100669,
    0.095716, -0.948583, 0.301710, 0.177617,
    -0.034598, 0.299748, 0.953391, -0.028081;
  }
  NAME "Bone13";
  PARENT "Bone12";
  LENGTH 0.184948;
  {
    0.988281, 0.152643, 0.000000, 0.182688,
    -0.152643, 0.988281, -0.000000, 0.000000,
    -0.000000, 0.000000, 1.000000, -0.000000;
  }
  NAME "Bone14";
  PARENT "Bone13";
  LENGTH 0.100000;
  {
    1.000000, 0.000000, -0.000000, 0.184948,
    0.000000, 1.000000, 0.000000, 0.000000,
    -0.000000, -0.000000, 1.000000, 0.000000;
  }
  NAME "Bone18";
  PARENT "Bip01 R ForeTwist";
  LENGTH 0.181233;
  {
    -0.970137, 0.241351, -0.024177, 0.147364,
    0.074942, 0.393042, 0.916461, 0.086233,
    0.230692, 0.887281, -0.399392, 0.139631;
  }
  NAME "Bone19";
  PARENT "Bone18";
  LENGTH 0.163754;
  {
    0.984331, 0.025194, 0.174521, 0.181233,
    -0.025303, 0.999679, -0.001596, 0.000000,
    -0.174505, -0.002845, 0.984652, -0.000000;
  }
  NAME "Bone20";
  PARENT "Bone19";
  LENGTH 0.100000;
  {
    0.999964, -0.008449, 0.000000, 0.163754,
    0.008449, 0.999964, 0.000001, 0.000000,
    0.000000, -0.000001, 1.000000, 0.000000;
  }
  NAME "Bip01 R ForeTwist1";
  PARENT "Bip01 R ForeTwist";
  LENGTH 0.100000;
  {
    1.000000, 0.000000, 0.000000, 0.263477,
    0.000000, 0.993188, -0.116521, 0.000000,
    0.000000, 0.116521, 0.993188, 0.000000;
  }
  NAME "Bone26";
  PARENT "Bip01 Neck";
  LENGTH 0.083757;
  {
    -0.879193, -0.476465, -0.000001, 0.218301,
    -0.476465, 0.879193, 0.000002, -0.233510,
    -0.000000, 0.000003, -1.000000, -0.000000;
  }
  NAME "Bone27";
  PARENT "Bone26";
  LENGTH 0.120279;
  {
    0.999997, 0.002348, 0.000000, 0.083757,
    -0.002348, 0.999997, -0.000000, -0.000001,
    -0.000000, 0.000000, 1.000000, -0.000000;
  }
  NAME "Bone28";
  PARENT "Bone27";
  LENGTH 0.100000;
  {
    0.999968, 0.008043, -0.000000, 0.120279,
    -0.008043, 0.999968, 0.000000, -0.000000,
    -0.000000, 0.000000, 1.000000, -0.000000;
  }
  NAME "Bone29";
  PARENT "Bip01 Neck";
  LENGTH 0.120876;
  {
    -0.876430, -0.481530, -0.000001, 0.031584,
    -0.481530, 0.876430, 0.000002, -0.309392,
    -0.000000, 0.000003, -1.000000, -0.000000;
  }
  NAME "Bone30";
  PARENT "Bone29";
  LENGTH 0.100000;
  {
    1.000000, -0.000000, -0.000000, 0.120876,
    0.000000, 1.000000, 0.000000, 0.000000,
    -0.000000, 0.000000, 1.000000, -0.000000;
  }
  NAME "Bone31";
  PARENT "Bip01 Neck";
  LENGTH 0.159536;
  {
    -0.895181, -0.445703, -0.000001, -0.070959,
    -0.445703, 0.895181, 0.000002, -0.319961,
    0.000000, 0.000003, -1.000000, -0.000000;
  }
  NAME "Bone32";
  PARENT "Bone31";
  LENGTH 0.100000;
  {
    1.000000, -0.000000, -0.000000, 0.159536,
    0.000000, 1.000000, 0.000000, 0.000000,
    -0.000000, 0.000000, 1.000000, -0.000000;
  }
  NAME "Bone33";
  PARENT "Bip01 Neck";
  LENGTH 0.120716;
  {
    -0.999506, 0.031418, -0.000001, -0.199662,
    0.031418, 0.999506, 0.000003, -0.324754,
    0.000001, 0.000003, -1.000000, -0.000000;
  }
  NAME "Bone34";
  PARENT "Bone33";
  LENGTH 0.165969;
  {
    0.997303, 0.073395, 0.000000, 0.120716,
    -0.073395, 0.997303, -0.000000, 0.000001,
    -0.000000, -0.000000, 1.000000, -0.000000;
  }
  NAME "Bone35";
  PARENT "Bone34";
  LENGTH 0.100000;
  {
    1.000000, 0.000000, -0.000000, 0.165969,
    0.000000, 1.000000, 0.000000, 0.000000,
    -0.000000, -0.000000, 1.000000, -0.000000;
  }
  NAME "Bone41";
  PARENT "Bip01 Spine2";
  LENGTH 0.222170;
  {
    -0.953722, 0.300689, -0.000000, 0.197880,
    0.300689, 0.953722, 0.000002, 0.411061,
    0.000001, 0.000001, -1.000000, 0.000001;
  }
  NAME "Bone42";
  PARENT "Bone41";
  LENGTH 0.100000;
  {
    1.000000, 0.000010, -0.000000, 0.222170,
    -0.000010, 1.000000, 0.000000, 0.000000,
    -0.000000, 0.000000, 1.000000, 0.000000;
  }
  NAME "Bip01 L Thigh";
  PARENT "Bip01 Spine";
  LENGTH 0.631227;
  {
    -0.634547, 0.740912, -0.219998, -0.181756,
    0.667649, 0.668867, 0.326897, 0.006933,
    0.389351, 0.060550, -0.919097, 0.184847;
  }
  NAME "Bip01 L Calf";
  PARENT "Bip01 L Thigh";
  LENGTH 0.513873;
  {
    0.554631, 0.832096, -0.000000, 0.631227,
    -0.832096, 0.554631, -0.000000, -0.000000,
    -0.000000, 0.000000, 1.000000, 0.000000;
  }
  NAME "Bip01 L Foot";
  PARENT "Bip01 L Calf";
  LENGTH 0.387632;
  {
    0.896882, -0.321538, -0.303671, 0.513873,
    0.332965, 0.942821, -0.014891, 0.000000,
    0.291096, -0.087756, 0.952660, -0.000000;
  }
  NAME "Bip01 L Toe0";
  PARENT "Bip01 L Foot";
  LENGTH 0.133895;
  {
    -0.000000, -1.000000, -0.000000, 0.266622,
    1.000000, 0.000000, -0.000000, 0.281374,
    -0.000000, -0.000000, 1.000000, -0.000000;
  }
  NAME "Bip01 L Toe0Nub";
  PARENT "Bip01 L Toe0";
  LENGTH 0.100000;
  {
    1.000000, 0.000000, 0.000000, 0.133895,
    0.000000, 1.000000, 0.000000, -0.000000,
    -0.000000, -0.000000, -1.000000, 0.000000;
  }
  NAME "Bip01 R Thigh";
  PARENT "Bip01 Spine";
  LENGTH 0.631227;
  {
    -0.634547, 0.740912, 0.219999, -0.181755,
    0.667651, 0.668867, -0.326892, 0.006934,
    -0.389348, -0.060546, -0.919099, -0.184847;
  }
  NAME "Bip01 R Calf";
  PARENT "Bip01 R Thigh";
  LENGTH 0.513873;
  {
    0.554631, 0.832097, -0.000000, 0.631227,
    -0.832097, 0.554631, 0.000000, -0.000000,
    -0.000000, -0.000000, 1.000000, -0.000000;
  }
  NAME "Bip01 R Foot";
  PARENT "Bip01 R Calf";
  LENGTH 0.387632;
  {
    0.896882, -0.321538, 0.303671, 0.513873,
    0.332966, 0.942821, 0.014891, 0.000000,
    -0.291096, 0.087756, 0.952660, -0.000000;
  }
  NAME "Bip01 R Toe0";
  PARENT "Bip01 R Foot";
  LENGTH 0.133895;
  {
    0.000000, -1.000000, 0.000000, 0.266622,
    1.000000, 0.000000, 0.000000, 0.281374,
    0.000000, 0.000000, 1.000000, -0.000000;
  }
  NAME "Bip01 R Toe0Nub";
  PARENT "Bip01 R Toe0";
  LENGTH 0.100000;
  {
    1.000000, 0.000000, 0.000000, 0.133895,
    0.000000, 1.000000, -0.000000, -0.000000,
    0.000000, -0.000000, 1.000000, 0.000000;
  }
  NAME "Bone36";
  PARENT "Bip01 Pelvis";
  LENGTH 0.122767;
  {
    -0.973270, 0.229662, 0.000001, 0.147112,
    0.229662, 0.973270, -0.000003, 0.333057,
    -0.000002, -0.000003, -1.000000, -0.000001;
  }
  NAME "Bone37";
  PARENT "Bone36";
  LENGTH 0.165210;
  {
    0.999995, 0.003262, 0.000000, 0.122767,
    -0.003263, 0.999995, -0.000000, -0.000000,
    -0.000000, 0.000000, 1.000000, -0.000000;
  }
  NAME "Bone38";
  PARENT "Bone37";
  LENGTH 0.293801;
  {
    0.988886, 0.148675, 0.000000, 0.165210,
    -0.148675, 0.988886, 0.000001, 0.000002,
    0.000000, -0.000001, 1.000000, 0.000000;
  }
  NAME "Bone39";
  PARENT "Bone38";
  LENGTH 0.546800;
  {
    0.999503, 0.031526, 0.000000, 0.293801,
    -0.031526, 0.999503, 0.000002, 0.000000,
    0.000000, -0.000002, 1.000000, 0.000000;
  }
  NAME "Bone40";
  PARENT "Bone39";
  LENGTH 0.100000;
  {
    0.999996, -0.002856, -0.000000, 0.546800,
    0.002856, 0.999996, 0.000002, -0.000000,
    0.000000, -0.000002, 1.000000, 0.000000;
  }
}
SE_SKELETON_END;
