SE_SKELETON 0.1;

BONES 28
{
  NAME "Bone31";
  PARENT "";
  LENGTH 0.754006;
  {
    -0.325786, -0.945444, 0.000002, -0.476164,
    0.908217, -0.312959, -0.277846, 0.007020,
    0.262688, -0.090517, 0.960626, -0.000000;
  }
  NAME "Bone32";
  PARENT "Bone31";
  LENGTH 0.100000;
  {
    1.000000, 0.000000, 0.000000, 0.754006,
    0.000000, 1.000000, -0.000000, -0.000000,
    0.000000, -0.000000, 1.000000, -0.000000;
  }
  NAME "Bone67";
  PARENT "";
  LENGTH 0.757758;
  {
    -0.355133, -0.105065, 0.928893, -0.125662,
    0.860667, 0.351095, 0.368761, 0.007020,
    -0.364874, 0.930427, -0.034259, -0.209045;
  }
  NAME "Bone68";
  PARENT "Bone67";
  LENGTH 0.100000;
  {
    1.000000, -0.000000, -0.000000, 0.757758,
    -0.000000, 1.000000, 0.000000, -0.000000,
    -0.000000, 0.000000, 1.000000, -0.000000;
  }
  NAME "Bone69";
  PARENT "";
  LENGTH 0.752124;
  {
    0.098925, -0.744372, -0.660397, 0.423579,
    0.976490, -0.055114, 0.208397, 0.007020,
    -0.191522, -0.665487, 0.721420, -0.117002;
  }
  NAME "Bone70";
  PARENT "Bone69";
  LENGTH 0.100000;
  {
    1.000000, -0.000000, 0.000000, 0.752124,
    -0.000000, 1.000000, 0.000000, -0.000000,
    0.000000, 0.000000, 1.000000, 0.000000;
  }
  NAME "Bone71";
  PARENT "";
  LENGTH 0.752121;
  {
    0.544925, -0.705332, 0.453390, 0.280268,
    0.791342, 0.611374, -0.000000, 0.008896,
    -0.277191, 0.358787, 0.891312, -0.402886;
  }
  NAME "Bone72";
  PARENT "Bone71";
  LENGTH 0.100000;
  {
    1.000000, -0.000000, 0.000000, 0.752121,
    -0.000000, 1.000000, -0.000000, -0.000000,
    0.000000, -0.000000, 1.000000, 0.000000;
  }
  NAME "Bone73";
  PARENT "";
  LENGTH 0.757751;
  {
    0.359834, -0.502043, 0.786430, -0.288454,
    0.812789, 0.582558, 0.000000, 0.007020,
    -0.458141, 0.639202, 0.617679, 0.396273;
  }
  NAME "Bone74";
  PARENT "Bone73";
  LENGTH 0.100000;
  {
    1.000000, -0.000000, 0.000000, 0.757751,
    -0.000000, 1.000000, 0.000000, -0.000000,
    0.000000, 0.000000, 1.000000, -0.000000;
  }
  NAME "Bone75";
  PARENT "";
  LENGTH 0.755882;
  {
    0.281472, 0.060186, -0.957680, 0.144976,
    0.868852, 0.407610, 0.280981, 0.007019,
    0.407271, -0.911170, 0.062438, 0.355032;
  }
  NAME "Bone76";
  PARENT "Bone75";
  LENGTH 0.100000;
  {
    1.000000, 0.000000, 0.000000, 0.755882,
    0.000000, 1.000000, 0.000000, 0.000000,
    0.000000, 0.000000, 1.000000, -0.000000;
  }
  NAME "Bone77";
  PARENT "";
  LENGTH 0.746533;
  {
    0.162183, -0.523967, 0.836155, 0.877733,
    0.981704, 0.000000, -0.190414, 0.010770,
    0.099771, 0.851738, 0.514381, -0.390556;
  }
  NAME "Bone78";
  PARENT "Bone77";
  LENGTH 0.100000;
  {
    1.000000, -0.000000, 0.000000, 0.746533,
    -0.000000, 1.000000, -0.000000, -0.000000,
    0.000000, -0.000000, 1.000000, -0.000000;
  }
  NAME "Bone79";
  PARENT "";
  LENGTH 0.754034;
  {
    0.764044, -0.521390, 0.379986, 0.454619,
    0.640859, 0.681272, -0.353791, 0.007019,
    -0.074411, 0.513829, 0.854659, 0.393404;
  }
  NAME "Bone80";
  PARENT "Bone79";
  LENGTH 0.100000;
  {
    1.000000, 0.000000, -0.000000, 0.754034,
    -0.000000, 1.000000, 0.000000, 0.000000,
    0.000000, 0.000000, 1.000000, -0.000000;
  }
  NAME "Bone81";
  PARENT "";
  LENGTH 0.755931;
  {
    0.000001, -1.000000, -0.000002, -0.006026,
    0.927176, 0.000000, 0.374625, 0.007019,
    -0.374625, -0.000002, 0.927176, -0.834258;
  }
  NAME "Bone82";
  PARENT "Bone81";
  LENGTH 0.100000;
  {
    1.000000, -0.000000, -0.000000, 0.755931,
    -0.000000, 1.000000, -0.000000, -0.000000,
    -0.000000, -0.000000, 1.000000, -0.000000;
  }
  NAME "Bone83";
  PARENT "";
  LENGTH 0.752131;
  {
    -0.058756, -0.780900, -0.621887, 0.008273,
    0.904916, 0.221379, -0.363481, 0.008895,
    0.421515, -0.584112, 0.693641, 0.753626;
  }
  NAME "Bone84";
  PARENT "Bone83";
  LENGTH 0.100000;
  {
    1.000000, -0.000000, -0.000000, 0.752131,
    -0.000000, 1.000000, 0.000000, 0.000000,
    -0.000000, 0.000000, 1.000000, -0.000000;
  }
  NAME "Bone85";
  PARENT "";
  LENGTH 0.755894;
  {
    -0.449079, -0.649149, -0.613950, -0.837874,
    0.893460, -0.320462, -0.314695, 0.007019,
    0.007536, -0.689863, 0.723901, 0.354518;
  }
  NAME "Bone86";
  PARENT "Bone85";
  LENGTH 0.100000;
  {
    1.000000, -0.000000, -0.000000, 0.755894,
    -0.000000, 1.000000, -0.000000, 0.000000,
    -0.000000, -0.000000, 1.000000, -0.000000;
  }
  NAME "Bone87";
  PARENT "";
  LENGTH 0.748391;
  {
    -0.076359, -0.661050, 0.746446, 0.100857,
    0.898120, 0.279560, 0.339452, 0.010770,
    -0.433071, 0.696319, 0.572355, -0.029336;
  }
  NAME "Bone88";
  PARENT "Bone87";
  LENGTH 0.100000;
  {
    1.000000, -0.000000, -0.000000, 0.748391,
    -0.000000, 1.000000, 0.000000, 0.000000,
    -0.000000, 0.000000, 1.000000, 0.000000;
  }
  NAME "Bone89";
  PARENT "";
  LENGTH 0.754034;
  {
    -0.664703, -0.580958, -0.469743, 0.778858,
    0.658083, -0.752945, -0.000000, 0.007019,
    -0.353691, -0.309130, 0.882803, 0.193030;
  }
  NAME "Bone90";
  PARENT "Bone89";
  LENGTH 0.100000;
  {
    1.000000, 0.000000, 0.000000, 0.754034,
    0.000000, 1.000000, 0.000000, -0.000000,
    0.000000, 0.000000, 1.000000, 0.000000;
  }
  NAME "Bone91";
  PARENT "";
  LENGTH 0.761583;
  {
    0.029465, -0.046289, -0.998493, -0.788374,
    0.843597, 0.536977, 0.000000, 0.003267,
    0.536168, -0.842326, 0.054871, -0.447615;
  }
  NAME "Bone92";
  PARENT "Bone91";
  LENGTH 0.100000;
  {
    1.000000, -0.000000, -0.000000, 0.761583,
    -0.000000, 1.000000, -0.000000, -0.000000,
    -0.000000, -0.000000, 1.000000, -0.000000;
  }
}
SE_SKELETON_END;
