SE_SKELETON 0.1;

BONES 57
{
  NAME "Bip01";
  PARENT "";
  LENGTH 0.000000;
  {
    0.005997, 0.997614, -0.068777, -0.038560,
    -0.086642, 0.069038, 0.993845, 1.076703,
    0.996221, -0.000001, 0.086849, -0.000000;
  }
  NAME "Bip01 Pelvis";
  PARENT "Bip01";
  LENGTH 0.095534;
  {
    -0.000000, 1.000000, -0.000001, 0.000000,
    -0.000001, 0.000001, 1.000000, 0.000000,
    1.000000, 0.000000, 0.000001, 0.000000;
  }
  NAME "Bip01 Spine";
  PARENT "Bip01 Pelvis";
  LENGTH 0.431979;
  {
    0.991362, -0.131152, -0.000002, 0.092397,
    0.131152, 0.991362, 0.000004, -0.024280,
    0.000001, -0.000004, 1.000000, 0.000000;
  }
  NAME "Bip01 Spine1";
  PARENT "Bip01 Spine";
  LENGTH 0.383968;
  {
    0.993663, -0.076785, 0.082078, 0.431979,
    0.084600, 0.991740, -0.096409, -0.000294,
    -0.073998, 0.102742, 0.991952, -0.000031;
  }
  NAME "Bip01 Neck";
  PARENT "Bip01 Spine1";
  LENGTH 0.087258;
  {
    0.930045, -0.367446, -0.000001, 0.341724,
    0.367446, 0.930045, -0.000000, 0.175089,
    0.000001, -0.000000, 1.000000, 0.000000;
  }
  NAME "Bip01 Head";
  PARENT "Bip01 Neck";
  LENGTH 0.273409;
  {
    0.965026, 0.253598, -0.066437, 0.087258,
    -0.243077, 0.960494, 0.135520, 0.000000,
    0.098180, -0.114631, 0.988545, -0.000000;
  }
  NAME "Bip01 HeadNub";
  PARENT "Bip01 Head";
  LENGTH 0.100000;
  {
    1.000000, -0.000000, -0.000000, 0.273409,
    -0.000000, 1.000000, 0.000000, -0.000000,
    -0.000000, 0.000000, 1.000000, 0.000000;
  }
  NAME "Bip01 L Clavicle";
  PARENT "Bip01 Neck";
  LENGTH 0.212725;
  {
    -0.341010, -0.368186, 0.864957, -0.072496,
    0.135039, -0.929752, -0.342528, -0.141039,
    0.930310, -0.000003, 0.366775, 0.308426;
  }
  NAME "Bip01 L UpperArm";
  PARENT "Bip01 L Clavicle";
  LENGTH 0.519533;
  {
    0.559559, 0.053528, 0.827060, 0.212725,
    0.087531, 0.988514, -0.123198, -0.000000,
    -0.824156, 0.141330, 0.548446, 0.000000;
  }
  NAME "Bip01 L Forearm";
  PARENT "Bip01 L UpperArm";
  LENGTH 0.506935;
  {
    0.970154, 0.242490, 0.000000, 0.519533,
    -0.242491, 0.970154, 0.000000, -0.000000,
    0.000000, -0.000000, 1.000000, -0.000000;
  }
  NAME "Bip01 L Hand";
  PARENT "Bip01 L Forearm";
  LENGTH 0.262044;
  {
    1.000000, -0.000000, -0.000000, 0.506935,
    0.000000, 0.000796, 1.000000, -0.000000,
    0.000000, -1.000000, 0.000796, -0.000000;
  }
  NAME "Bip01 L Finger0";
  PARENT "Bip01 L Hand";
  LENGTH 0.149329;
  {
    -0.092177, 0.377172, 0.921545, 0.175779,
    0.791215, 0.589639, -0.162188, 0.022742,
    -0.604551, 0.714190, -0.352775, -0.193007;
  }
  NAME "Bip01 L Finger01";
  PARENT "Bip01 L Finger0";
  LENGTH 0.130500;
  {
    0.600084, -0.799937, -0.000000, 0.149329,
    0.799937, 0.600084, 0.000000, 0.000000,
    -0.000000, 0.000000, 1.000000, -0.000000;
  }
  NAME "Bip01 L Finger02";
  PARENT "Bip01 L Finger01";
  LENGTH 0.107498;
  {
    0.874525, -0.484980, -0.000000, 0.130500,
    0.484980, 0.874525, 0.000000, 0.000000,
    0.000000, 0.000000, 1.000000, 0.000000;
  }
  NAME "Bip01 L Finger0Nub";
  PARENT "Bip01 L Finger02";
  LENGTH 0.100000;
  {
    1.000000, -0.000000, 0.000000, 0.107498,
    -0.000000, 1.000000, 0.000000, -0.000000,
    0.000000, 0.000000, 1.000000, -0.000000;
  }
  NAME "Bip01 L Finger1";
  PARENT "Bip01 L Hand";
  LENGTH 0.202637;
  {
    0.511772, -0.848320, 0.135804, 0.469574,
    0.834169, 0.528481, 0.157702, -0.021435,
    -0.205552, 0.032576, 0.978104, -0.129345;
  }
  NAME "Bip01 L Finger11";
  PARENT "Bip01 L Finger1";
  LENGTH 0.171303;
  {
    0.643632, -0.765335, -0.000000, 0.202637,
    0.765335, 0.643632, 0.000000, 0.000000,
    0.000000, 0.000000, 1.000000, 0.000000;
  }
  NAME "Bip01 L Finger12";
  PARENT "Bip01 L Finger11";
  LENGTH 0.140041;
  {
    0.810636, -0.585550, 0.000000, 0.171303,
    0.585550, 0.810636, 0.000000, -0.000000,
    0.000000, 0.000000, 1.000000, -0.000000;
  }
  NAME "Bip01 L Finger1Nub";
  PARENT "Bip01 L Finger12";
  LENGTH 0.100000;
  {
    1.000000, 0.000000, 0.000000, 0.140041,
    0.000000, 1.000000, 0.000000, -0.000000,
    0.000000, 0.000000, 1.000000, 0.000000;
  }
  NAME "Bip01 L Finger2";
  PARENT "Bip01 L Hand";
  LENGTH 0.175700;
  {
    0.465416, -0.882939, 0.061699, 0.492366,
    0.875176, 0.469488, 0.116823, 0.007387,
    -0.132115, -0.000374, 0.991234, -0.000006;
  }
  NAME "Bip01 L Finger21";
  PARENT "Bip01 L Finger2";
  LENGTH 0.144356;
  {
    0.709279, -0.704927, 0.000000, 0.175700,
    0.704927, 0.709279, 0.000000, 0.000000,
    0.000000, 0.000000, 1.000000, 0.000000;
  }
  NAME "Bip01 L Finger22";
  PARENT "Bip01 L Finger21";
  LENGTH 0.128998;
  {
    0.836765, -0.547562, 0.000000, 0.144356,
    0.547562, 0.836765, 0.000000, -0.000000,
    0.000000, -0.000000, 1.000000, 0.000000;
  }
  NAME "Bip01 L Finger2Nub";
  PARENT "Bip01 L Finger22";
  LENGTH 0.100000;
  {
    1.000000, -0.000000, 0.000000, 0.128998,
    -0.000000, 1.000000, -0.000000, 0.000000,
    0.000000, -0.000000, 1.000000, 0.000000;
  }
  NAME "Bip01 L Finger3";
  PARENT "Bip01 L Hand";
  LENGTH 0.152491;
  {
    0.634309, -0.763838, -0.119179, 0.463365,
    0.772054, 0.617957, 0.148532, 0.015184,
    -0.039807, -0.186227, 0.981700, 0.121073;
  }
  NAME "Bip01 L Finger31";
  PARENT "Bip01 L Finger3";
  LENGTH 0.133645;
  {
    0.548427, -0.836199, -0.000000, 0.152491,
    0.836199, 0.548427, 0.000000, 0.000000,
    0.000000, 0.000000, 1.000000, -0.000000;
  }
  NAME "Bip01 L Finger32";
  PARENT "Bip01 L Finger31";
  LENGTH 0.111893;
  {
    0.860231, -0.509904, 0.000000, 0.133645,
    0.509904, 0.860231, 0.000000, 0.000000,
    0.000000, 0.000000, 1.000000, 0.000000;
  }
  NAME "Bip01 L Finger3Nub";
  PARENT "Bip01 L Finger32";
  LENGTH 0.100000;
  {
    1.000000, -0.000000, 0.000000, 0.111893,
    -0.000000, 1.000000, 0.000000, 0.000000,
    0.000000, 0.000000, 1.000000, 0.000000;
  }
  NAME "Bip01 R Clavicle";
  PARENT "Bip01 Neck";
  LENGTH 0.212725;
  {
    -0.341010, -0.368186, -0.864957, -0.072496,
    0.135044, -0.929752, 0.342526, -0.141038,
    -0.930309, -0.000003, 0.366776, -0.308426;
  }
  NAME "Bip01 R UpperArm";
  PARENT "Bip01 R Clavicle";
  LENGTH 0.519533;
  {
    0.763010, 0.304660, -0.570086, 0.212725,
    -0.306780, 0.946979, 0.095477, 0.000000,
    0.568948, 0.102041, 0.816018, -0.000000;
  }
  NAME "Bip01 R Forearm";
  PARENT "Bip01 R UpperArm";
  LENGTH 0.506935;
  {
    0.991068, 0.133355, 0.000000, 0.519533,
    -0.133355, 0.991068, -0.000000, 0.000000,
    -0.000000, 0.000000, 1.000000, 0.000000;
  }
  NAME "Bip01 R Hand";
  PARENT "Bip01 R Forearm";
  LENGTH 0.262044;
  {
    0.960403, -0.278346, 0.012250, 0.506935,
    0.071094, 0.202314, -0.976737, -0.000000,
    0.269392, 0.938932, 0.214092, -0.000000;
  }
  NAME "Bip01 R Finger0";
  PARENT "Bip01 R Hand";
  LENGTH 0.149329;
  {
    0.526610, 0.377172, -0.761855, 0.175779,
    0.497812, 0.589639, 0.636011, 0.022742,
    0.689105, -0.714190, 0.122749, 0.193007;
  }
  NAME "Bip01 R Finger01";
  PARENT "Bip01 R Finger0";
  LENGTH 0.130500;
  {
    0.762788, -0.646648, 0.000000, 0.149329,
    0.646648, 0.762788, 0.000000, 0.000000,
    0.000000, 0.000000, 1.000000, 0.000000;
  }
  NAME "Bip01 R Finger02";
  PARENT "Bip01 R Finger01";
  LENGTH 0.107499;
  {
    0.874526, -0.484980, 0.000000, 0.130500,
    0.484980, 0.874525, 0.000000, -0.000000,
    0.000000, 0.000000, 1.000000, -0.000000;
  }
  NAME "Bip01 R Finger0Nub";
  PARENT "Bip01 R Finger02";
  LENGTH 0.100000;
  {
    1.000000, -0.000000, -0.000000, 0.107499,
    -0.000000, 1.000000, -0.000000, -0.000000,
    0.000000, 0.000000, -1.000000, 0.000000;
  }
  NAME "Bip01 R Finger1";
  PARENT "Bip01 R Hand";
  LENGTH 0.202637;
  {
    0.663835, -0.735445, -0.135804, 0.469574,
    0.718374, 0.677546, -0.157702, -0.021435,
    0.207995, 0.007130, 0.978104, 0.129345;
  }
  NAME "Bip01 R Finger11";
  PARENT "Bip01 R Finger1";
  LENGTH 0.171303;
  {
    0.762937, -0.646473, 0.000000, 0.202637,
    0.646473, 0.762937, -0.000000, 0.000000,
    0.000000, -0.000000, 1.000000, 0.000000;
  }
  NAME "Bip01 R Finger12";
  PARENT "Bip01 R Finger11";
  LENGTH 0.140041;
  {
    0.892229, -0.451583, 0.000000, 0.171303,
    0.451583, 0.892229, -0.000000, 0.000000,
    -0.000000, -0.000000, 1.000000, -0.000000;
  }
  NAME "Bip01 R Finger1Nub";
  PARENT "Bip01 R Finger12";
  LENGTH 0.100000;
  {
    1.000000, -0.000000, 0.000000, 0.140041,
    -0.000000, 1.000000, 0.000000, -0.000000,
    -0.000000, -0.000000, -1.000000, 0.000000;
  }
  NAME "Bip01 R Finger2";
  PARENT "Bip01 R Hand";
  LENGTH 0.175700;
  {
    0.512370, -0.856546, -0.061699, 0.492366,
    0.848575, 0.516017, -0.116823, 0.007387,
    0.131902, 0.007500, 0.991234, 0.000006;
  }
  NAME "Bip01 R Finger21";
  PARENT "Bip01 R Finger2";
  LENGTH 0.144356;
  {
    0.709279, -0.704927, -0.000000, 0.175700,
    0.704927, 0.709279, 0.000000, 0.000000,
    0.000000, 0.000000, 1.000000, 0.000000;
  }
  NAME "Bip01 R Finger22";
  PARENT "Bip01 R Finger21";
  LENGTH 0.128998;
  {
    0.836765, -0.547562, 0.000000, 0.144356,
    0.547562, 0.836765, 0.000000, -0.000000,
    -0.000000, 0.000000, 1.000000, -0.000000;
  }
  NAME "Bip01 R Finger2Nub";
  PARENT "Bip01 R Finger22";
  LENGTH 0.100000;
  {
    1.000000, -0.000000, 0.000000, 0.128998,
    -0.000000, 1.000000, -0.000000, -0.000000,
    -0.000000, 0.000000, -1.000000, -0.000000;
  }
  NAME "Bip01 R Finger3";
  PARENT "Bip01 R Hand";
  LENGTH 0.152491;
  {
    0.507908, -0.853127, 0.119179, 0.463365,
    0.858703, 0.490478, -0.148532, 0.015184,
    0.068262, 0.177779, 0.981700, -0.121073;
  }
  NAME "Bip01 R Finger31";
  PARENT "Bip01 R Finger3";
  LENGTH 0.133645;
  {
    0.738922, -0.673791, -0.000000, 0.152491,
    0.673791, 0.738922, -0.000000, -0.000000,
    -0.000000, 0.000000, 1.000000, -0.000000;
  }
  NAME "Bip01 R Finger32";
  PARENT "Bip01 R Finger31";
  LENGTH 0.111893;
  {
    0.802363, -0.596836, -0.000000, 0.133645,
    0.596836, 0.802363, 0.000000, 0.000000,
    -0.000000, 0.000000, 1.000000, -0.000000;
  }
  NAME "Bip01 R Finger3Nub";
  PARENT "Bip01 R Finger32";
  LENGTH 0.100000;
  {
    1.000000, -0.000000, 0.000000, 0.111893,
    -0.000000, 1.000000, -0.000000, -0.000000,
    -0.000000, 0.000000, -1.000000, 0.000000;
  }
  NAME "Bip01 L Thigh";
  PARENT "Bip01 Spine";
  LENGTH 0.581722;
  {
    -0.734378, 0.678644, -0.011453, -0.088414,
    0.652782, 0.710812, 0.261958, 0.036188,
    0.185917, 0.184900, -0.965011, 0.252451;
  }
  NAME "Bip01 L Calf";
  PARENT "Bip01 L Thigh";
  LENGTH 0.318692;
  {
    0.816050, 0.577982, -0.000000, 0.581722,
    -0.577982, 0.816050, -0.000000, -0.000000,
    -0.000000, 0.000000, 1.000000, -0.000000;
  }
  NAME "Bip01 L Foot";
  PARENT "Bip01 L Calf";
  LENGTH 0.437997;
  {
    0.988906, -0.068252, -0.131931, 0.318692,
    0.063207, 0.997114, -0.042057, -0.000000,
    0.134421, 0.033252, 0.990366, -0.000000;
  }
  NAME "Bip01 L Toe0";
  PARENT "Bip01 L Foot";
  LENGTH 0.017452;
  {
    0.000000, -1.000000, -0.000000, 0.285353,
    1.000000, -0.000000, -0.000000, 0.332287,
    -0.000000, -0.000000, 1.000000, 0.000000;
  }
  NAME "Bip01 L Toe0Nub";
  PARENT "Bip01 L Toe0";
  LENGTH 0.100000;
  {
    1.000000, -0.000000, 0.000000, 0.017452,
    -0.000000, 1.000000, -0.000000, -0.000000,
    -0.000000, 0.000000, -1.000000, -0.000000;
  }
  NAME "Bip01 R Thigh";
  PARENT "Bip01 Spine";
  LENGTH 0.634250;
  {
    -0.915390, 0.296195, 0.272633, -0.088414,
    0.219392, 0.934879, -0.279048, 0.036189,
    -0.337532, -0.195624, -0.920762, -0.252451;
  }
  NAME "Bip01 R Calf";
  PARENT "Bip01 R Thigh";
  LENGTH 0.397620;
  {
    0.726567, 0.687096, 0.000000, 0.634250,
    -0.687096, 0.726567, -0.000000, 0.000000,
    0.000000, 0.000000, 1.000000, -0.000000;
  }
  NAME "Bip01 R Foot";
  PARENT "Bip01 R Calf";
  LENGTH 0.234559;
  {
    0.749152, -0.601806, 0.276770, 0.397620,
    0.608256, 0.790440, 0.072316, -0.000000,
    -0.262290, 0.114172, 0.958211, 0.000000;
  }
  NAME "Bip01 R Toe0";
  PARENT "Bip01 R Foot";
  LENGTH 0.017452;
  {
    -0.000000, -1.000000, -0.000000, 0.159275,
    1.000000, 0.000000, 0.000000, 0.172190,
    0.000000, -0.000000, 1.000000, -0.000000;
  }
  NAME "Bip01 R Toe0Nub";
  PARENT "Bip01 R Toe0";
  LENGTH 0.100000;
  {
    1.000000, 0.000000, 0.000000, 0.017452,
    0.000000, 1.000000, 0.000000, -0.000000,
    0.000000, 0.000000, 1.000000, -0.000000;
  }
}
SE_SKELETON_END;
