SE_SKELETON 0.1;

BONES 14
{
  NAME "Bone31";
  PARENT "";
  LENGTH 0.570301;
  {
    0.147845, 0.937635, -0.314614, -0.743991,
    0.929354, -0.240520, -0.280090, -1.504948,
    -0.338294, -0.250978, -0.906955, 0.160374;
  }
  NAME "Bone32";
  PARENT "Bone31";
  LENGTH 0.100000;
  {
    1.000000, -0.000000, 0.000000, 0.570301,
    -0.000000, 1.000000, 0.000000, -0.000000,
    0.000000, 0.000000, 1.000000, -0.000000;
  }
  NAME "Bone67";
  PARENT "";
  LENGTH 0.565043;
  {
    -0.357848, -0.387906, -0.849396, 0.160437,
    0.921555, -0.000000, -0.388249, -1.559277,
    0.150604, -0.921699, 0.357477, 0.021501;
  }
  NAME "Bone68";
  PARENT "Bone67";
  LENGTH 0.100000;
  {
    1.000000, 0.000000, 0.000000, 0.565043,
    0.000000, 1.000000, -0.000000, 0.000000,
    0.000000, -0.000000, 1.000000, -0.000000;
  }
  NAME "Bone69";
  PARENT "";
  LENGTH 0.565012;
  {
    -0.094306, 0.077040, -0.992558, 0.378485,
    0.993633, -0.054451, -0.098634, -1.645219,
    -0.061644, -0.995540, -0.071414, 0.580241;
  }
  NAME "Bone70";
  PARENT "Bone69";
  LENGTH 0.100000;
  {
    1.000000, -0.000000, 0.000000, 0.565012,
    -0.000000, 1.000000, -0.000000, -0.000000,
    0.000000, -0.000000, 1.000000, -0.000000;
  }
  NAME "Bone71";
  PARENT "";
  LENGTH 0.559707;
  {
    0.369674, -0.928429, 0.036897, -0.100328,
    0.924460, 0.371503, 0.085784, -1.492139,
    -0.093352, 0.002398, 0.995630, -0.264526;
  }
  NAME "Bone72";
  PARENT "Bone71";
  LENGTH 0.100000;
  {
    1.000000, 0.000000, 0.000000, 0.559707,
    0.000000, 1.000000, -0.000000, 0.000000,
    0.000000, -0.000000, 1.000000, 0.000000;
  }
  NAME "Bone73";
  PARENT "";
  LENGTH 0.557086;
  {
    0.163356, 0.942385, -0.291934, -0.190945,
    0.967788, -0.210531, -0.138072, -1.539443,
    -0.191578, -0.259976, -0.946420, 0.298135;
  }
  NAME "Bone74";
  PARENT "Bone73";
  LENGTH 0.100000;
  {
    1.000000, -0.000000, -0.000000, 0.557086,
    -0.000000, 1.000000, 0.000000, -0.000000,
    -0.000000, 0.000000, 1.000000, -0.000000;
  }
  NAME "Bone75";
  PARENT "";
  LENGTH 0.554383;
  {
    -0.140143, 0.953748, -0.265941, 0.881369,
    0.984835, 0.162016, 0.062061, -1.607931,
    0.102277, -0.253211, -0.961989, -0.062774;
  }
  NAME "Bone76";
  PARENT "Bone75";
  LENGTH 0.100000;
  {
    1.000000, 0.000000, 0.000000, 0.554383,
    0.000000, 1.000000, 0.000000, -0.000000,
    0.000000, 0.000000, 1.000000, -0.000000;
  }
  NAME "Bone77";
  PARENT "";
  LENGTH 0.554402;
  {
    -0.308623, -0.945245, 0.106131, 0.434088,
    0.826364, -0.321704, -0.462200, -1.323797,
    0.471035, -0.054943, 0.880402, -1.367947;
  }
  NAME "Bone78";
  PARENT "Bone77";
  LENGTH 0.100000;
  {
    1.000000, 0.000000, 0.000000, 0.554402,
    0.000000, 1.000000, -0.000000, 0.000000,
    0.000000, -0.000000, 1.000000, 0.000000;
  }
}
SE_SKELETON_END;
