SE_ANIM 0.1;
SEC_PER_FRAME 0.033333;
FRAMES 61;
ANIM_ID "ef_ex_sk16_d_hit";
BONEENVELOPES 4
{
  NAME "Bone01"
  DEFAULT_POSE
  {
    1.000000, 0.000000, 0.000000, 0.000000,
    0.000000, -0.000000, 1.000000, 0.000000,
    -0.000000, -1.000000, -0.000000, -0.000000;
  }
  {
    -0.002194, -0.999998, -0.000013, -0.006657,
    0.999998, -0.002194, -0.000000, -0.485531,
    -0.000000, -0.000013, 1.000000, 0.000000;
    -0.002194, -0.999998, -0.000013, -0.006657,
    0.999998, -0.002194, -0.000000, -0.453414,
    -0.000000, -0.000013, 1.000000, 0.000000;
    -0.002194, -0.999998, -0.000013, -0.006657,
    0.999998, -0.002194, -0.000000, -0.422386,
    -0.000000, -0.000013, 1.000000, 0.000000;
    -0.002194, -0.999998, -0.000013, -0.006657,
    0.999998, -0.002194, -0.000000, -0.392447,
    -0.000000, -0.000013, 1.000000, 0.000000;
    -0.002194, -0.999998, -0.000013, -0.006657,
    0.999998, -0.002194, -0.000000, -0.363596,
    -0.000000, -0.000013, 1.000000, 0.000000;
    -0.002194, -0.999998, -0.000013, -0.006657,
    0.999998, -0.002194, -0.000000, -0.335834,
    -0.000000, -0.000013, 1.000000, 0.000000;
    -0.002194, -0.999998, -0.000013, -0.006657,
    0.999998, -0.002194, -0.000000, -0.309161,
    -0.000000, -0.000013, 1.000000, 0.000000;
    -0.002194, -0.999998, -0.000013, -0.006657,
    0.999998, -0.002194, -0.000000, -0.283576,
    -0.000000, -0.000013, 1.000000, 0.000000;
    -0.002194, -0.999998, -0.000013, -0.006657,
    0.999998, -0.002194, -0.000000, -0.259080,
    -0.000000, -0.000013, 1.000000, 0.000000;
    -0.002194, -0.999998, -0.000013, -0.006657,
    0.999998, -0.002194, -0.000000, -0.235673,
    -0.000000, -0.000013, 1.000000, 0.000000;
    -0.002194, -0.999998, -0.000013, -0.006657,
    0.999998, -0.002194, -0.000000, -0.213354,
    -0.000000, -0.000013, 1.000000, 0.000000;
    -0.002194, -0.999998, -0.000013, -0.006657,
    0.999998, -0.002194, -0.000000, -0.192125,
    -0.000000, -0.000013, 1.000000, 0.000000;
    -0.002194, -0.999998, -0.000013, -0.006657,
    0.999998, -0.002194, -0.000000, -0.171984,
    -0.000000, -0.000013, 1.000000, 0.000000;
    -0.002194, -0.999998, -0.000013, -0.006657,
    0.999998, -0.002194, -0.000000, -0.152931,
    -0.000000, -0.000013, 1.000000, 0.000000;
    -0.002194, -0.999998, -0.000013, -0.006657,
    0.999998, -0.002194, -0.000000, -0.134967,
    -0.000000, -0.000013, 1.000000, 0.000000;
    -0.002194, -0.999998, -0.000013, -0.006657,
    0.999998, -0.002194, -0.000000, -0.118092,
    -0.000000, -0.000013, 1.000000, 0.000000;
    -0.002194, -0.999998, -0.000013, -0.006657,
    0.999998, -0.002194, -0.000000, -0.102306,
    -0.000000, -0.000013, 1.000000, 0.000000;
    -0.002194, -0.999998, -0.000013, -0.006657,
    0.999998, -0.002194, -0.000000, -0.087697,
    -0.000000, -0.000013, 1.000000, 0.000000;
    -0.002194, -0.999998, -0.000013, -0.006657,
    0.999998, -0.002194, -0.000000, -0.074000,
    -0.000000, -0.000013, 1.000000, 0.000000;
    -0.002194, -0.999998, -0.000013, -0.006657,
    0.999998, -0.002194, -0.000000, -0.061555,
    -0.000000, -0.000013, 1.000000, 0.000000;
    -0.002194, -0.999998, -0.000013, -0.006657,
    0.999998, -0.002194, -0.000000, -0.050048,
    -0.000000, -0.000013, 1.000000, 0.000000;
    -0.002194, -0.999998, -0.000013, -0.006657,
    0.999998, -0.002194, -0.000000, -0.039767,
    -0.000000, -0.000013, 1.000000, 0.000000;
    -0.002194, -0.999998, -0.000013, -0.006657,
    0.999998, -0.002194, -0.000000, -0.030452,
    -0.000000, -0.000013, 1.000000, 0.000000;
    -0.002194, -0.999998, -0.000013, -0.006657,
    0.999998, -0.002194, -0.000000, -0.022334,
    -0.000000, -0.000013, 1.000000, 0.000000;
    -0.002194, -0.999998, -0.000013, -0.006657,
    0.999998, -0.002194, -0.000000, -0.015210,
    -0.000000, -0.000013, 1.000000, 0.000000;
    -0.002194, -0.999998, -0.000013, -0.006657,
    0.999998, -0.002194, -0.000000, -0.009256,
    -0.000000, -0.000013, 1.000000, 0.000000;
    -0.002194, -0.999998, -0.000013, -0.006657,
    0.999998, -0.002194, -0.000000, -0.004323,
    -0.000000, -0.000013, 1.000000, 0.000000;
    -0.002194, -0.999998, -0.000013, -0.006657,
    0.999998, -0.002194, -0.000000, -0.000532,
    -0.000000, -0.000013, 1.000000, 0.000000;
    -0.002194, -0.999998, -0.000013, -0.006657,
    0.999998, -0.002194, -0.000000, 0.002210,
    -0.000000, -0.000013, 1.000000, 0.000000;
    -0.002194, -0.999998, -0.000013, -0.006657,
    0.999998, -0.002194, -0.000000, 0.003836,
    -0.000000, -0.000013, 1.000000, 0.000000;
    -0.002194, -0.999998, -0.000013, -0.006657,
    0.999998, -0.002194, -0.000000, 0.004387,
    -0.000000, -0.000013, 1.000000, 0.000000;
    -0.002194, -0.999998, -0.000013, -0.006657,
    0.999998, -0.002194, -0.000000, 0.003850,
    -0.000000, -0.000013, 1.000000, 0.000000;
    -0.002194, -0.999998, -0.000013, -0.006657,
    0.999998, -0.002194, -0.000000, 0.002210,
    -0.000000, -0.000013, 1.000000, 0.000000;
    -0.002194, -0.999998, -0.000013, -0.006657,
    0.999998, -0.002194, -0.000000, -0.000512,
    -0.000000, -0.000013, 1.000000, 0.000000;
    -0.002194, -0.999998, -0.000013, -0.006657,
    0.999998, -0.002194, -0.000000, -0.004295,
    -0.000000, -0.000013, 1.000000, 0.000000;
    -0.002194, -0.999998, -0.000013, -0.006657,
    0.999998, -0.002194, -0.000000, -0.009188,
    -0.000000, -0.000013, 1.000000, 0.000000;
    -0.002194, -0.999998, -0.000013, -0.006657,
    0.999998, -0.002194, -0.000000, -0.015210,
    -0.000000, -0.000013, 1.000000, 0.000000;
    -0.002194, -0.999998, -0.000013, -0.006657,
    0.999998, -0.002194, -0.000000, -0.022286,
    -0.000000, -0.000013, 1.000000, 0.000000;
    -0.002194, -0.999998, -0.000013, -0.006657,
    0.999998, -0.002194, -0.000000, -0.030397,
    -0.000000, -0.000013, 1.000000, 0.000000;
    -0.002194, -0.999998, -0.000013, -0.006657,
    0.999998, -0.002194, -0.000000, -0.039644,
    -0.000000, -0.000013, 1.000000, 0.000000;
    -0.002194, -0.999998, -0.000013, -0.006657,
    0.999998, -0.002194, -0.000000, -0.050048,
    -0.000000, -0.000013, 1.000000, 0.000000;
    -0.002194, -0.999998, -0.000013, -0.006657,
    0.999998, -0.002194, -0.000000, -0.061480,
    -0.000000, -0.000013, 1.000000, 0.000000;
    -0.002194, -0.999998, -0.000013, -0.006657,
    0.999998, -0.002194, -0.000000, -0.073918,
    -0.000000, -0.000013, 1.000000, 0.000000;
    -0.002194, -0.999998, -0.000013, -0.006657,
    0.999998, -0.002194, -0.000000, -0.087520,
    -0.000000, -0.000013, 1.000000, 0.000000;
    -0.002194, -0.999998, -0.000013, -0.006657,
    0.999998, -0.002194, -0.000000, -0.102306,
    -0.000000, -0.000013, 1.000000, 0.000000;
    -0.002194, -0.999998, -0.000013, -0.006657,
    0.999998, -0.002194, -0.000000, -0.118092,
    -0.000000, -0.000013, 1.000000, 0.000000;
    -0.002194, -0.999998, -0.000013, -0.006657,
    0.999998, -0.002194, -0.000000, -0.134859,
    -0.000000, -0.000013, 1.000000, 0.000000;
    -0.002194, -0.999998, -0.000013, -0.006657,
    0.999998, -0.002194, -0.000000, -0.152931,
    -0.000000, -0.000013, 1.000000, 0.000000;
    -0.002194, -0.999998, -0.000013, -0.006657,
    0.999998, -0.002194, -0.000000, -0.171984,
    -0.000000, -0.000013, 1.000000, 0.000000;
    -0.002194, -0.999998, -0.000013, -0.006657,
    0.999998, -0.002194, -0.000000, -0.191995,
    -0.000000, -0.000013, 1.000000, 0.000000;
    -0.002194, -0.999998, -0.000013, -0.006657,
    0.999998, -0.002194, -0.000000, -0.213218,
    -0.000000, -0.000013, 1.000000, 0.000000;
    -0.002194, -0.999998, -0.000013, -0.006657,
    0.999998, -0.002194, -0.000000, -0.235673,
    -0.000000, -0.000013, 1.000000, 0.000000;
    -0.002194, -0.999998, -0.000013, -0.006657,
    0.999998, -0.002194, -0.000000, -0.259080,
    -0.000000, -0.000013, 1.000000, 0.000000;
    -0.002194, -0.999998, -0.000013, -0.006657,
    0.999998, -0.002194, -0.000000, -0.283420,
    -0.000000, -0.000013, 1.000000, 0.000000;
    -0.002194, -0.999998, -0.000013, -0.006657,
    0.999998, -0.002194, -0.000000, -0.308997,
    -0.000000, -0.000013, 1.000000, 0.000000;
    -0.002194, -0.999998, -0.000013, -0.006657,
    0.999998, -0.002194, -0.000000, -0.335834,
    -0.000000, -0.000013, 1.000000, 0.000000;
    -0.002194, -0.999998, -0.000013, -0.006657,
    0.999998, -0.002194, -0.000000, -0.363596,
    -0.000000, -0.000013, 1.000000, 0.000000;
    -0.002194, -0.999998, -0.000013, -0.006657,
    0.999998, -0.002194, -0.000000, -0.392263,
    -0.000000, -0.000013, 1.000000, 0.000000;
    -0.002194, -0.999998, -0.000013, -0.006657,
    0.999998, -0.002194, -0.000000, -0.422196,
    -0.000000, -0.000013, 1.000000, 0.000000;
    -0.002194, -0.999998, -0.000013, -0.006657,
    0.999998, -0.002194, -0.000000, -0.453414,
    -0.000000, -0.000013, 1.000000, 0.000000;
    -0.002194, -0.999998, -0.000013, -0.006657,
    0.999998, -0.002194, -0.000000, -0.485531,
    -0.000000, -0.000013, 1.000000, 0.000000;
  }
  NAME "Bone02"
  DEFAULT_POSE
  {
    0.976475, -0.215633, 0.000002, 0.302388,
    0.215633, 0.976475, -0.000013, -0.000000,
    0.000000, 0.000013, 1.000000, 0.000000;
  }
  {
    0.976475, -0.215633, 0.000002, 0.302388,
    0.215633, 0.976475, -0.000013, -0.000000,
    0.000000, 0.000013, 1.000000, 0.000000;
    0.978856, -0.204549, 0.000002, 0.302388,
    0.204549, 0.978856, -0.000013, -0.000000,
    0.000000, 0.000013, 1.000000, 0.000000;
    0.984962, -0.172770, 0.000002, 0.302388,
    0.172770, 0.984962, -0.000013, -0.000000,
    0.000000, 0.000013, 1.000000, 0.000000;
    0.992478, -0.122421, 0.000001, 0.302388,
    0.122421, 0.992478, -0.000013, -0.000000,
    0.000000, 0.000013, 1.000000, 0.000000;
    0.998447, -0.055709, 0.000000, 0.302388,
    0.055709, 0.998447, -0.000013, -0.000000,
    0.000000, 0.000013, 1.000000, 0.000000;
    0.999691, 0.024855, -0.000001, 0.302388,
    -0.024855, 0.999691, -0.000013, -0.000000,
    0.000000, 0.000013, 1.000000, 0.000000;
    0.993212, 0.116319, -0.000002, 0.302388,
    -0.116319, 0.993212, -0.000013, -0.000000,
    0.000000, 0.000013, 1.000000, 0.000000;
    0.976555, 0.215268, -0.000003, 0.302388,
    -0.215268, 0.976555, -0.000013, -0.000000,
    0.000000, 0.000013, 1.000000, 0.000000;
    0.948118, 0.317918, -0.000005, 0.302388,
    -0.317918, 0.948118, -0.000013, -0.000000,
    0.000000, 0.000013, 1.000000, 0.000000;
    0.907371, 0.420331, -0.000006, 0.302388,
    -0.420331, 0.907371, -0.000012, -0.000000,
    0.000000, 0.000013, 1.000000, 0.000000;
    0.854960, 0.518695, -0.000007, 0.302388,
    -0.518695, 0.854960, -0.000011, -0.000000,
    0.000000, 0.000013, 1.000000, 0.000000;
    0.792682, 0.609635, -0.000009, 0.302388,
    -0.609635, 0.792682, -0.000010, -0.000000,
    0.000000, 0.000013, 1.000000, 0.000000;
    0.723342, 0.690490, -0.000010, 0.302388,
    -0.690490, 0.723342, -0.000009, -0.000000,
    0.000000, 0.000013, 1.000000, 0.000000;
    0.650503, 0.759504, -0.000010, 0.302388,
    -0.759504, 0.650503, -0.000008, -0.000000,
    0.000000, 0.000013, 1.000000, 0.000000;
    0.578200, 0.815895, -0.000011, 0.302388,
    -0.815895, 0.578200, -0.000007, -0.000000,
    0.000000, 0.000013, 1.000000, 0.000000;
    0.510637, 0.859796, -0.000012, 0.302388,
    -0.859796, 0.510637, -0.000006, -0.000000,
    0.000000, 0.000013, 1.000000, 0.000000;
    0.451937, 0.892050, -0.000012, 0.302388,
    -0.892050, 0.451937, -0.000006, -0.000000,
    0.000000, 0.000013, 1.000000, 0.000000;
    0.406194, 0.913787, -0.000012, 0.302388,
    -0.913787, 0.406194, -0.000005, -0.000000,
    0.000000, 0.000013, 1.000000, 0.000000;
    0.376171, 0.926550, -0.000013, 0.302388,
    -0.926550, 0.376171, -0.000005, -0.000000,
    0.000000, 0.000013, 1.000000, 0.000000;
    0.365643, 0.930755, -0.000013, 0.302388,
    -0.930755, 0.365643, -0.000004, -0.000000,
    0.000000, 0.000013, 1.000000, 0.000000;
    0.382462, 0.923971, -0.000013, 0.302388,
    -0.923971, 0.382462, -0.000005, -0.000000,
    0.000000, 0.000013, 1.000000, 0.000000;
    0.429093, 0.903260, -0.000012, 0.302388,
    -0.903260, 0.429093, -0.000005, -0.000000,
    0.000000, 0.000013, 1.000000, 0.000000;
    0.500537, 0.865715, -0.000012, 0.302388,
    -0.865715, 0.500537, -0.000006, -0.000000,
    0.000000, 0.000013, 1.000000, 0.000000;
    0.587721, 0.809064, -0.000011, 0.302388,
    -0.809064, 0.587721, -0.000007, -0.000000,
    0.000000, 0.000013, 1.000000, 0.000000;
    0.684333, 0.729170, -0.000010, 0.302388,
    -0.729170, 0.684333, -0.000009, -0.000000,
    0.000000, 0.000013, 1.000000, 0.000000;
    0.778984, 0.627043, -0.000009, 0.302388,
    -0.627043, 0.778984, -0.000010, -0.000000,
    0.000000, 0.000013, 1.000000, 0.000000;
    0.865093, 0.501611, -0.000007, 0.302388,
    -0.501611, 0.865093, -0.000011, -0.000000,
    0.000000, 0.000013, 1.000000, 0.000000;
    0.932897, 0.360144, -0.000005, 0.302388,
    -0.360144, 0.932897, -0.000012, -0.000000,
    0.000000, 0.000013, 1.000000, 0.000000;
    0.978618, 0.205685, -0.000003, 0.302388,
    -0.205685, 0.978618, -0.000013, -0.000000,
    0.000000, 0.000013, 1.000000, 0.000000;
    0.998745, 0.050077, -0.000001, 0.302388,
    -0.050077, 0.998745, -0.000013, -0.000000,
    0.000000, 0.000013, 1.000000, 0.000000;
    0.994777, -0.102071, 0.000001, 0.302388,
    0.102071, 0.994777, -0.000013, -0.000000,
    0.000000, 0.000013, 1.000000, 0.000000;
    0.970935, -0.239343, 0.000003, 0.302388,
    0.239343, 0.970935, -0.000013, -0.000000,
    0.000000, 0.000013, 1.000000, 0.000000;
    0.933318, -0.359050, 0.000004, 0.302388,
    0.359050, 0.933318, -0.000013, -0.000000,
    0.000000, 0.000013, 1.000000, 0.000000;
    0.890665, -0.454660, 0.000006, 0.302388,
    0.454660, 0.890665, -0.000012, -0.000000,
    0.000000, 0.000013, 1.000000, 0.000000;
    0.851536, -0.524296, 0.000007, 0.302388,
    0.524296, 0.851536, -0.000012, -0.000000,
    0.000000, 0.000013, 1.000000, 0.000000;
    0.823338, -0.567551, 0.000007, 0.302388,
    0.567551, 0.823338, -0.000011, -0.000000,
    0.000000, 0.000013, 1.000000, 0.000000;
    0.812781, -0.582569, 0.000007, 0.302388,
    0.582569, 0.812781, -0.000011, -0.000000,
    0.000000, 0.000013, 1.000000, 0.000000;
    0.813973, -0.580903, 0.000007, 0.302388,
    0.580903, 0.813973, -0.000011, -0.000000,
    0.000000, 0.000013, 1.000000, 0.000000;
    0.817365, -0.576121, 0.000007, 0.302388,
    0.576121, 0.817365, -0.000011, -0.000000,
    0.000000, 0.000013, 1.000000, 0.000000;
    0.822745, -0.568410, 0.000007, 0.302388,
    0.568410, 0.822745, -0.000011, -0.000000,
    0.000000, 0.000013, 1.000000, 0.000000;
    0.829871, -0.557955, 0.000007, 0.302388,
    0.557955, 0.829871, -0.000011, -0.000000,
    0.000000, 0.000013, 1.000000, 0.000000;
    0.838361, -0.545116, 0.000007, 0.302388,
    0.545116, 0.838361, -0.000012, -0.000000,
    0.000000, 0.000013, 1.000000, 0.000000;
    0.847895, -0.530164, 0.000007, 0.302388,
    0.530164, 0.847895, -0.000012, -0.000000,
    0.000000, 0.000013, 1.000000, 0.000000;
    0.858300, -0.513148, 0.000006, 0.302388,
    0.513148, 0.858300, -0.000012, -0.000000,
    0.000000, 0.000013, 1.000000, 0.000000;
    0.869304, -0.494278, 0.000006, 0.302388,
    0.494278, 0.869304, -0.000012, -0.000000,
    0.000000, 0.000013, 1.000000, 0.000000;
    0.880498, -0.474050, 0.000006, 0.302388,
    0.474050, 0.880498, -0.000012, -0.000000,
    0.000000, 0.000013, 1.000000, 0.000000;
    0.891629, -0.452767, 0.000006, 0.302388,
    0.452767, 0.891629, -0.000012, -0.000000,
    0.000000, 0.000013, 1.000000, 0.000000;
    0.902680, -0.430312, 0.000005, 0.302388,
    0.430312, 0.902680, -0.000012, -0.000000,
    0.000000, 0.000013, 1.000000, 0.000000;
    0.913247, -0.407407, 0.000005, 0.302388,
    0.407407, 0.913247, -0.000012, -0.000000,
    0.000000, 0.000013, 1.000000, 0.000000;
    0.923172, -0.384388, 0.000005, 0.302388,
    0.384388, 0.923172, -0.000013, -0.000000,
    0.000000, 0.000013, 1.000000, 0.000000;
    0.932448, -0.361305, 0.000004, 0.302388,
    0.361305, 0.932448, -0.000013, -0.000000,
    0.000000, 0.000013, 1.000000, 0.000000;
    0.940960, -0.338517, 0.000004, 0.302388,
    0.338517, 0.940960, -0.000013, -0.000000,
    0.000000, 0.000013, 1.000000, 0.000000;
    0.948534, -0.316675, 0.000004, 0.302388,
    0.316675, 0.948534, -0.000013, -0.000000,
    0.000000, 0.000013, 1.000000, 0.000000;
    0.955148, -0.296131, 0.000004, 0.302388,
    0.296131, 0.955148, -0.000013, -0.000000,
    0.000000, 0.000013, 1.000000, 0.000000;
    0.960870, -0.276998, 0.000003, 0.302388,
    0.276998, 0.960870, -0.000013, -0.000000,
    0.000000, 0.000013, 1.000000, 0.000000;
    0.965693, -0.259688, 0.000003, 0.302388,
    0.259688, 0.965693, -0.000013, -0.000000,
    0.000000, 0.000013, 1.000000, 0.000000;
    0.969575, -0.244793, 0.000003, 0.302388,
    0.244793, 0.969575, -0.000013, -0.000000,
    0.000000, 0.000013, 1.000000, 0.000000;
    0.972563, -0.232641, 0.000003, 0.302388,
    0.232641, 0.972563, -0.000013, -0.000000,
    0.000000, 0.000013, 1.000000, 0.000000;
    0.974716, -0.223446, 0.000003, 0.302388,
    0.223446, 0.974716, -0.000013, -0.000000,
    0.000000, 0.000013, 1.000000, 0.000000;
    0.976031, -0.217633, 0.000002, 0.302388,
    0.217633, 0.976031, -0.000013, -0.000000,
    0.000000, 0.000013, 1.000000, 0.000000;
    0.976475, -0.215633, 0.000002, 0.302388,
    0.215633, 0.976475, -0.000013, -0.000000,
    0.000000, 0.000013, 1.000000, 0.000000;
  }
  NAME "Bone03"
  DEFAULT_POSE
  {
    0.423189, -0.906041, 0.000000, 0.129448,
    0.906041, 0.423189, 0.000000, 0.000000,
    0.000000, 0.000000, 1.000000, 0.000000;
  }
  {
    0.423189, -0.906041, 0.000000, 0.129448,
    0.906041, 0.423189, 0.000000, 0.000000,
    0.000000, 0.000000, 1.000000, 0.000000;
    0.411489, -0.911415, 0.000000, 0.129448,
    0.911415, 0.411489, 0.000000, 0.000000,
    0.000000, 0.000000, 1.000000, 0.000000;
    0.378790, -0.925483, 0.000000, 0.129448,
    0.925483, 0.378790, 0.000000, 0.000000,
    0.000000, 0.000000, 1.000000, 0.000000;
    0.328498, -0.944505, 0.000000, 0.129448,
    0.944505, 0.328498, 0.000000, 0.000000,
    0.000000, 0.000000, 1.000000, 0.000000;
    0.264132, -0.964486, 0.000000, 0.129448,
    0.964486, 0.264132, 0.000000, 0.000000,
    0.000000, 0.000000, 1.000000, 0.000000;
    0.189651, -0.981852, 0.000000, 0.129448,
    0.981852, 0.189651, 0.000000, 0.000000,
    0.000000, 0.000000, 1.000000, 0.000000;
    0.109544, -0.993982, -0.000000, 0.129448,
    0.993982, 0.109544, 0.000000, 0.000000,
    0.000000, 0.000000, 1.000000, 0.000000;
    0.028719, -0.999588, -0.000000, 0.129448,
    0.999588, 0.028719, 0.000000, 0.000000,
    0.000000, 0.000000, 1.000000, 0.000000;
    -0.047757, -0.998859, -0.000000, 0.129448,
    0.998859, -0.047757, 0.000000, -0.000000,
    0.000000, 0.000000, 1.000000, 0.000000;
    -0.114929, -0.993374, -0.000000, 0.129448,
    0.993374, -0.114929, 0.000000, -0.000000,
    0.000000, 0.000000, 1.000000, 0.000000;
    -0.168157, -0.985760, -0.000000, 0.129448,
    0.985760, -0.168157, 0.000000, 0.000000,
    0.000000, 0.000000, 1.000000, 0.000000;
    -0.203134, -0.979151, -0.000000, 0.129448,
    0.979151, -0.203134, 0.000000, 0.000000,
    0.000000, 0.000000, 1.000000, 0.000000;
    -0.215724, -0.976454, -0.000000, 0.129448,
    0.976454, -0.215724, 0.000000, -0.000000,
    0.000000, 0.000000, 1.000000, 0.000000;
    -0.194080, -0.980986, -0.000000, 0.129448,
    0.980986, -0.194080, 0.000000, -0.000000,
    0.000000, 0.000000, 1.000000, 0.000000;
    -0.132200, -0.991223, -0.000000, 0.129448,
    0.991223, -0.132200, -0.000000, 0.000000,
    -0.000000, -0.000000, 1.000000, 0.000000;
    -0.034649, -0.999400, -0.000000, 0.129448,
    0.999400, -0.034649, 0.000000, 0.000000,
    0.000000, 0.000000, 1.000000, 0.000000;
    0.092929, -0.995673, -0.000000, 0.129448,
    0.995673, 0.092929, -0.000000, 0.000000,
    -0.000000, 0.000000, 1.000000, 0.000000;
    0.241719, -0.970346, -0.000000, 0.129448,
    0.970346, 0.241719, -0.000000, 0.000000,
    -0.000000, 0.000000, 1.000000, 0.000000;
    0.404284, -0.914633, -0.000000, 0.129448,
    0.914633, 0.404284, 0.000000, 0.000000,
    0.000000, 0.000000, 1.000000, 0.000000;
    0.564308, -0.825565, -0.000000, 0.129448,
    0.825565, 0.564308, -0.000000, 0.000000,
    -0.000000, 0.000000, 1.000000, 0.000000;
    0.712802, -0.701365, -0.000000, 0.129448,
    0.701365, 0.712802, 0.000000, -0.000000,
    0.000000, 0.000000, 1.000000, 0.000000;
    0.834751, -0.550627, -0.000000, 0.129448,
    0.550627, 0.834751, -0.000000, -0.000000,
    -0.000000, 0.000000, 1.000000, 0.000000;
    0.925216, -0.379440, -0.000000, 0.129448,
    0.379440, 0.925216, 0.000000, -0.000000,
    -0.000000, 0.000000, 1.000000, 0.000000;
    0.978913, -0.204277, -0.000000, 0.129448,
    0.204277, 0.978913, -0.000000, -0.000000,
    -0.000000, 0.000000, 1.000000, 0.000000;
    0.999437, -0.033558, -0.000000, 0.129448,
    0.033558, 0.999437, 0.000000, 0.000000,
    -0.000000, 0.000000, 1.000000, 0.000000;
    0.993088, 0.117373, -0.000000, 0.129448,
    -0.117373, 0.993088, 0.000000, -0.000000,
    -0.000000, 0.000000, 1.000000, 0.000000;
    0.969835, 0.243763, -0.000000, 0.129448,
    -0.243763, 0.969835, 0.000000, -0.000000,
    -0.000000, 0.000000, 1.000000, 0.000000;
    0.941525, 0.336943, -0.000000, 0.129448,
    -0.336943, 0.941525, 0.000000, 0.000000,
    -0.000000, 0.000000, 1.000000, 0.000000;
    0.918349, 0.395771, 0.000000, 0.129448,
    -0.395771, 0.918349, 0.000000, -0.000000,
    -0.000000, 0.000000, 1.000000, 0.000000;
    0.909374, 0.415980, -0.000000, 0.129448,
    -0.415980, 0.909374, 0.000000, 0.000000,
    -0.000000, 0.000000, 1.000000, 0.000000;
    0.917328, 0.398131, 0.000000, 0.129448,
    -0.398131, 0.917328, 0.000000, -0.000000,
    -0.000000, 0.000000, 1.000000, 0.000000;
    0.937943, 0.346791, 0.000000, 0.129448,
    -0.346791, 0.937943, 0.000000, -0.000000,
    0.000000, 0.000000, 1.000000, 0.000000;
    0.964848, 0.262810, 0.000000, 0.129448,
    -0.262810, 0.964848, 0.000000, 0.000000,
    -0.000000, 0.000000, 1.000000, 0.000000;
    0.988703, 0.149890, 0.000000, 0.129448,
    -0.149890, 0.988703, 0.000000, 0.000000,
    0.000000, 0.000000, 1.000000, 0.000000;
    0.999922, 0.012462, 0.000000, 0.129448,
    -0.012462, 0.999922, 0.000000, -0.000000,
    0.000000, 0.000000, 1.000000, 0.000000;
    0.989427, -0.145032, 0.000000, 0.129448,
    0.145032, 0.989427, 0.000000, 0.000000,
    0.000000, 0.000000, 1.000000, 0.000000;
    0.949355, -0.314207, 0.000000, 0.129448,
    0.314207, 0.949355, 0.000000, -0.000000,
    0.000000, 0.000000, 1.000000, 0.000000;
    0.875987, -0.482334, 0.000000, 0.129448,
    0.482334, 0.875987, 0.000000, -0.000000,
    0.000000, 0.000000, 1.000000, 0.000000;
    0.769837, -0.638240, 0.000000, 0.129448,
    0.638240, 0.769837, 0.000000, 0.000000,
    0.000000, 0.000000, 1.000000, 0.000000;
    0.633728, -0.773556, 0.000000, 0.129448,
    0.773556, 0.633728, 0.000000, 0.000000,
    0.000000, -0.000000, 1.000000, 0.000000;
    0.475095, -0.879935, 0.000000, 0.129448,
    0.879935, 0.475095, 0.000000, -0.000000,
    0.000000, -0.000000, 1.000000, 0.000000;
    0.306368, -0.951913, 0.000000, 0.129448,
    0.951913, 0.306368, 0.000000, 0.000000,
    0.000000, -0.000000, 1.000000, 0.000000;
    0.138927, -0.990303, 0.000000, 0.129448,
    0.990303, 0.138927, 0.000000, 0.000000,
    0.000000, -0.000000, 1.000000, 0.000000;
    -0.018841, -0.999822, -0.000000, 0.129448,
    0.999822, -0.018841, 0.000000, -0.000000,
    0.000000, 0.000000, 1.000000, 0.000000;
    -0.158037, -0.987433, 0.000000, 0.129448,
    0.987433, -0.158037, 0.000000, 0.000000,
    0.000000, -0.000000, 1.000000, 0.000000;
    -0.270757, -0.962648, 0.000000, 0.129448,
    0.962648, -0.270757, 0.000000, 0.000000,
    0.000000, -0.000000, 1.000000, 0.000000;
    -0.353666, -0.935372, -0.000000, 0.129448,
    0.935372, -0.353666, 0.000000, 0.000000,
    0.000000, -0.000000, 1.000000, 0.000000;
    -0.405682, -0.914014, 0.000000, 0.129448,
    0.914014, -0.405682, 0.000000, -0.000000,
    0.000000, -0.000000, 1.000000, 0.000000;
    -0.423465, -0.905912, 0.000000, 0.129448,
    0.905912, -0.423465, 0.000000, 0.000000,
    0.000000, -0.000000, 1.000000, 0.000000;
    -0.408011, -0.912977, 0.000000, 0.129448,
    0.912977, -0.408011, 0.000000, -0.000000,
    0.000000, -0.000000, 1.000000, 0.000000;
    -0.364307, -0.931279, 0.000000, 0.129448,
    0.931279, -0.364307, 0.000000, 0.000000,
    0.000000, -0.000000, 1.000000, 0.000000;
    -0.296159, -0.955139, -0.000000, 0.129448,
    0.955139, -0.296159, 0.000000, 0.000000,
    0.000000, -0.000000, 1.000000, 0.000000;
    -0.209061, -0.977903, 0.000000, 0.129448,
    0.977903, -0.209061, 0.000000, 0.000000,
    0.000000, -0.000000, 1.000000, 0.000000;
    -0.108867, -0.994056, 0.000000, 0.129448,
    0.994056, -0.108867, 0.000000, 0.000000,
    0.000000, -0.000000, 1.000000, 0.000000;
    -0.000835, -1.000000, 0.000000, 0.129448,
    1.000000, -0.000835, 0.000000, -0.000000,
    0.000000, -0.000000, 1.000000, 0.000000;
    0.107904, -0.994161, 0.000000, 0.129448,
    0.994161, 0.107904, 0.000000, -0.000000,
    0.000000, -0.000000, 1.000000, 0.000000;
    0.208763, -0.977966, 0.000000, 0.129448,
    0.977966, 0.208763, 0.000000, 0.000000,
    0.000000, 0.000000, 1.000000, 0.000000;
    0.295378, -0.955380, 0.000000, 0.129448,
    0.955380, 0.295378, 0.000000, 0.000000,
    0.000000, -0.000000, 1.000000, 0.000000;
    0.363316, -0.931666, 0.000000, 0.129448,
    0.931666, 0.363316, 0.000000, 0.000000,
    0.000000, -0.000000, 1.000000, 0.000000;
    0.407542, -0.913186, 0.000000, 0.129448,
    0.913186, 0.407542, 0.000000, 0.000000,
    0.000000, 0.000000, 1.000000, 0.000000;
    0.423189, -0.906041, 0.000000, 0.129448,
    0.906041, 0.423189, 0.000000, 0.000000,
    0.000000, 0.000000, 1.000000, 0.000000;
  }
  NAME "Bone04"
  DEFAULT_POSE
  {
    1.000000, 0.000000, 0.000000, 0.109141,
    -0.000000, 1.000000, 0.000000, 0.000000,
    0.000000, -0.000000, 1.000000, 0.000000;
  }
  {
    1.000000, 0.000000, 0.000000, 0.109141,
    -0.000000, 1.000000, 0.000000, 0.000000,
    0.000000, -0.000000, 1.000000, 0.000000;
    1.000000, 0.000000, 0.000000, 0.109141,
    -0.000000, 1.000000, 0.000000, 0.000000,
    0.000000, 0.000000, 1.000000, 0.000000;
    1.000000, 0.000000, 0.000000, 0.109141,
    -0.000000, 1.000000, 0.000000, 0.000000,
    0.000000, 0.000000, 1.000000, 0.000000;
    1.000000, 0.000000, 0.000000, 0.109141,
    -0.000000, 1.000000, 0.000000, 0.000000,
    0.000000, 0.000000, 1.000000, 0.000000;
    1.000000, 0.000000, 0.000000, 0.109141,
    -0.000000, 1.000000, 0.000000, 0.000000,
    0.000000, 0.000000, 1.000000, 0.000000;
    1.000000, 0.000000, 0.000000, 0.109141,
    -0.000000, 1.000000, 0.000000, 0.000000,
    0.000000, 0.000000, 1.000000, 0.000000;
    1.000000, 0.000000, 0.000000, 0.109141,
    -0.000000, 1.000000, 0.000000, 0.000000,
    0.000000, 0.000000, 1.000000, 0.000000;
    1.000000, 0.000000, 0.000000, 0.109141,
    -0.000000, 1.000000, 0.000000, 0.000000,
    0.000000, 0.000000, 1.000000, 0.000000;
    1.000000, 0.000000, 0.000000, 0.109141,
    -0.000000, 1.000000, 0.000000, 0.000000,
    0.000000, 0.000000, 1.000000, 0.000000;
    1.000000, 0.000000, 0.000000, 0.109141,
    -0.000000, 1.000000, 0.000000, 0.000000,
    0.000000, 0.000000, 1.000000, 0.000000;
    1.000000, 0.000000, 0.000000, 0.109141,
    -0.000000, 1.000000, 0.000000, 0.000000,
    0.000000, 0.000000, 1.000000, 0.000000;
    1.000000, 0.000000, 0.000000, 0.109141,
    -0.000000, 1.000000, 0.000000, 0.000000,
    0.000000, 0.000000, 1.000000, 0.000000;
    1.000000, 0.000000, 0.000000, 0.109141,
    -0.000000, 1.000000, 0.000000, 0.000000,
    0.000000, 0.000000, 1.000000, 0.000000;
    1.000000, 0.000000, 0.000000, 0.109141,
    -0.000000, 1.000000, 0.000000, 0.000000,
    0.000000, 0.000000, 1.000000, 0.000000;
    1.000000, 0.000000, -0.000000, 0.109141,
    -0.000000, 1.000000, -0.000000, 0.000000,
    -0.000000, 0.000000, 1.000000, 0.000000;
    1.000000, 0.000000, 0.000000, 0.109141,
    -0.000000, 1.000000, 0.000000, 0.000000,
    0.000000, 0.000000, 1.000000, 0.000000;
    1.000000, 0.000000, -0.000000, 0.109141,
    -0.000000, 1.000000, 0.000000, 0.000000,
    -0.000000, 0.000000, 1.000000, 0.000000;
    1.000000, 0.000000, -0.000000, 0.109141,
    -0.000000, 1.000000, 0.000000, 0.000000,
    -0.000000, 0.000000, 1.000000, 0.000000;
    1.000000, 0.000000, 0.000000, 0.109141,
    -0.000000, 1.000000, 0.000000, 0.000000,
    0.000000, 0.000000, 1.000000, 0.000000;
    1.000000, 0.000000, -0.000000, 0.109141,
    -0.000000, 1.000000, 0.000000, 0.000000,
    -0.000000, 0.000000, 1.000000, 0.000000;
    1.000000, 0.000000, 0.000000, 0.109141,
    -0.000000, 1.000000, 0.000000, 0.000000,
    0.000000, 0.000000, 1.000000, 0.000000;
    1.000000, 0.000000, -0.000000, 0.109141,
    -0.000000, 1.000000, 0.000000, 0.000000,
    -0.000000, -0.000000, 1.000000, 0.000000;
    1.000000, 0.000000, -0.000000, 0.109141,
    -0.000000, 1.000000, 0.000000, 0.000000,
    0.000000, 0.000000, 1.000000, 0.000000;
    1.000000, 0.000000, -0.000000, 0.109141,
    -0.000000, 1.000000, 0.000000, 0.000000,
    -0.000000, 0.000000, 1.000000, 0.000000;
    1.000000, 0.000000, -0.000000, 0.109141,
    -0.000000, 1.000000, 0.000000, 0.000000,
    -0.000000, 0.000000, 1.000000, 0.000000;
    1.000000, 0.000000, -0.000000, 0.109141,
    -0.000000, 1.000000, 0.000000, 0.000000,
    -0.000000, 0.000000, 1.000000, 0.000000;
    1.000000, 0.000000, -0.000000, 0.109141,
    -0.000000, 1.000000, 0.000000, 0.000000,
    -0.000000, 0.000000, 1.000000, 0.000000;
    1.000000, 0.000000, -0.000000, 0.109141,
    -0.000000, 1.000000, 0.000000, 0.000000,
    -0.000000, 0.000000, 1.000000, 0.000000;
    1.000000, 0.000000, -0.000000, 0.109141,
    -0.000000, 1.000000, 0.000000, 0.000000,
    -0.000000, 0.000000, 1.000000, 0.000000;
    1.000000, 0.000000, -0.000000, 0.109141,
    -0.000000, 1.000000, 0.000000, 0.000000,
    -0.000000, 0.000000, 1.000000, 0.000000;
    1.000000, 0.000000, -0.000000, 0.109141,
    -0.000000, 1.000000, 0.000000, 0.000000,
    -0.000000, 0.000000, 1.000000, 0.000000;
    1.000000, 0.000000, 0.000000, 0.109141,
    -0.000000, 1.000000, 0.000000, 0.000000,
    0.000000, 0.000000, 1.000000, 0.000000;
    1.000000, 0.000000, -0.000000, 0.109141,
    -0.000000, 1.000000, 0.000000, 0.000000,
    -0.000000, 0.000000, 1.000000, 0.000000;
    1.000000, 0.000000, 0.000000, 0.109141,
    -0.000000, 1.000000, 0.000000, 0.000000,
    0.000000, 0.000000, 1.000000, 0.000000;
    1.000000, 0.000000, 0.000000, 0.109141,
    -0.000000, 1.000000, 0.000000, 0.000000,
    0.000000, 0.000000, 1.000000, 0.000000;
    1.000000, 0.000000, 0.000000, 0.109141,
    -0.000000, 1.000000, 0.000000, 0.000000,
    0.000000, 0.000000, 1.000000, 0.000000;
    1.000000, 0.000000, 0.000000, 0.109141,
    -0.000000, 1.000000, 0.000000, 0.000000,
    0.000000, 0.000000, 1.000000, 0.000000;
    1.000000, 0.000000, 0.000000, 0.109141,
    -0.000000, 1.000000, 0.000000, -0.000000,
    0.000000, 0.000000, 1.000000, 0.000000;
    1.000000, 0.000000, 0.000000, 0.109141,
    -0.000000, 1.000000, 0.000000, 0.000000,
    0.000000, 0.000000, 1.000000, 0.000000;
    1.000000, 0.000000, 0.000000, 0.109141,
    -0.000000, 1.000000, -0.000000, 0.000000,
    0.000000, -0.000000, 1.000000, 0.000000;
    1.000000, 0.000000, 0.000000, 0.109141,
    -0.000000, 1.000000, -0.000000, 0.000000,
    0.000000, -0.000000, 1.000000, 0.000000;
    1.000000, 0.000000, 0.000000, 0.109141,
    -0.000000, 1.000000, -0.000000, 0.000000,
    0.000000, -0.000000, 1.000000, 0.000000;
    1.000000, 0.000000, 0.000000, 0.109141,
    -0.000000, 1.000000, -0.000000, -0.000000,
    0.000000, -0.000000, 1.000000, 0.000000;
    1.000000, 0.000000, 0.000000, 0.109141,
    -0.000000, 1.000000, 0.000000, 0.000000,
    0.000000, 0.000000, 1.000000, 0.000000;
    1.000000, 0.000000, 0.000000, 0.109141,
    -0.000000, 1.000000, -0.000000, 0.000000,
    0.000000, -0.000000, 1.000000, 0.000000;
    1.000000, 0.000000, 0.000000, 0.109141,
    -0.000000, 1.000000, -0.000000, 0.000000,
    0.000000, -0.000000, 1.000000, 0.000000;
    1.000000, 0.000000, 0.000000, 0.109141,
    -0.000000, 1.000000, -0.000000, 0.000000,
    0.000000, 0.000000, 1.000000, 0.000000;
    1.000000, 0.000000, 0.000000, 0.109141,
    -0.000000, 1.000000, -0.000000, 0.000000,
    0.000000, -0.000000, 1.000000, 0.000000;
    1.000000, 0.000000, 0.000000, 0.109141,
    -0.000000, 1.000000, -0.000000, 0.000000,
    0.000000, -0.000000, 1.000000, 0.000000;
    1.000000, 0.000000, 0.000000, 0.109141,
    -0.000000, 1.000000, -0.000000, 0.000000,
    0.000000, -0.000000, 1.000000, 0.000000;
    1.000000, 0.000000, 0.000000, 0.109141,
    -0.000000, 1.000000, -0.000000, 0.000000,
    0.000000, -0.000000, 1.000000, 0.000000;
    1.000000, 0.000000, 0.000000, 0.109141,
    -0.000000, 1.000000, -0.000000, 0.000000,
    0.000000, -0.000000, 1.000000, 0.000000;
    1.000000, 0.000000, 0.000000, 0.109141,
    -0.000000, 1.000000, -0.000000, 0.000000,
    0.000000, -0.000000, 1.000000, 0.000000;
    1.000000, 0.000000, 0.000000, 0.109141,
    -0.000000, 1.000000, -0.000000, 0.000000,
    0.000000, -0.000000, 1.000000, 0.000000;
    1.000000, 0.000000, 0.000000, 0.109141,
    -0.000000, 1.000000, -0.000000, 0.000000,
    0.000000, -0.000000, 1.000000, 0.000000;
    1.000000, 0.000000, 0.000000, 0.109141,
    -0.000000, 1.000000, -0.000000, 0.000000,
    0.000000, -0.000000, 1.000000, 0.000000;
    1.000000, 0.000000, 0.000000, 0.109141,
    -0.000000, 1.000000, 0.000000, 0.000000,
    0.000000, 0.000000, 1.000000, 0.000000;
    1.000000, 0.000000, 0.000000, 0.109141,
    -0.000000, 1.000000, -0.000000, 0.000000,
    0.000000, -0.000000, 1.000000, 0.000000;
    1.000000, 0.000000, 0.000000, 0.109141,
    -0.000000, 1.000000, -0.000000, 0.000000,
    0.000000, -0.000000, 1.000000, 0.000000;
    1.000000, 0.000000, 0.000000, 0.109141,
    -0.000000, 1.000000, 0.000000, 0.000000,
    0.000000, 0.000000, 1.000000, 0.000000;
    1.000000, 0.000000, 0.000000, 0.109141,
    -0.000000, 1.000000, 0.000000, 0.000000,
    0.000000, -0.000000, 1.000000, 0.000000;
  }
}
MORPHENVELOPES 0
{
}
SE_ANIM_END;